Une source, orienté vers la source				FREQ => 1604
												1533 RECU
2014-05-07 14:40:02.973 RealTimeRecord[162:480b] INIT /**/**/**/ : {{zttttttyyyyyxpppppneeeee@     #9::::4     "01111.      hiiiiimmmmmkaaaaabggggggeeeeed_____btuuuuutttttriiiiiC     #9::::4      """""ghhhhittttttttttttpppppP:::::8///////////.rsssssooooopuuuuurddddddfffffgiiiiiG......bcccceoooooommmmmI/////,hiiiijmmmmmkbaaaabggggggeeeeegrssssL/////0666666777777555555333333111112666666888888666665......ijjjjkpppppogggggB"""""$,,,,,*     sttttreeeeegwxxxxxtttttH     #9::::3      """""'BBBBBHnooooonnnnnmjjjjjkooooopuuuuuurrrrrK,,,,,*     abbbbciiiiiheeeeefnnnnnovvvvvseeeeefnnnnnouuuuureeeeeA     rsssssuuuuuurrrrrG     RSSSSVnoooopuuuuutnnnnnmddddd[FFFFFIhiiiiG.....+     &BCCCCHdeeeeecccccdiiiiiC     deeeegsssssstttttH     tuuuutnnnnnleeeeeA      mmmmmleeeeegssssssssssspbaaaabggggggeeeeeA     cdddddeeeee@     sttttqeeeeegsssssstttttH     opppppooooopuuuuuurrrrrG     tuuuutnnnnnmeeeeeA     sttttqaaaaabiiiiiilllllllllllkeeeeeA     rssssstttttqaaaaacnnnnnmddddddaaaaacrrrrrrtttttH     deeeefnnnnnF     nnnnnnoooooommmmmlbbbbbdrrrrrpeeeeeA     cdddddeeeee@     bcccccaaaaacrrrrroaaaaaacccccetttttqeeeeegrrrrrpeeeeegsssssL.....+     &LLLLLC&''''!ooooombbbbbcjjjjjieeeeeecccccetttttriiiiiifffffA     deeeegsssssstttttH     pqqqqruuuuureeeeeA     bccccceeeeeA     mmmmmleeeeegssssssssssspbaaaabggggggeeeeeA     oppppmaaaaacrsssssssssspeeeeeA     rsssspbaaaacmnnnnosssssG     deeeegrrrrrrrrrrrpeeeeeguuuuuurrrrrrsssssG     deeeegtttttH     aaaaaduvvvvseeeeeeccccc@     sttttsooooopuuuuuusssssG     kllllkeeeeegsssssG     bcccccaaaaacqrrrroaaaaaacccccetttttqeeeeegrrrrrpeeeeegsssssL.....,"""""|}}}}}

2014-05-07 14:40:03.021 RealTimeRecord[162:480b] RES /**/**/**/ : {type : 1 image_uti : "http://soudfi.com/images/67531686.jpg", text : "Bonjour, bienvenue sur SoundFi. Ceci est une message de test pour une taille standart en nombre de caracteres. L'objectif est que ce message passe sans erreurs et avec tous les caracteres."}

19375.484375 
19398.281250 
19392.597656 
19385.160156 
19394.919922 
19380.896484 
19390.677734 
19381.949219 
19386.248047 
19384.902344 
19382.972656 
19387.937500 
19388.281250 
19388.769531 
19388.136719 
19388.750000 
19388.451172 
19388.671875 
19388.554688 
19388.652344 
19388.583984 
19388.673828 
19388.607422 
19388.693359 
19388.693359 
19388.751953 
19388.744141 
19388.785156 
19388.812500 
19388.839844 
19388.857422 
19388.882812 
19388.896484 
19388.916016 
19388.927734 
19388.929688 
19388.996094 
19443.535156 
21225.623047 
19380.349609 
19388.835938 
20907.652344 
20909.144531 
20901.144531 
20842.662109 
20836.917969 
20838.607422 
20839.363281 
20838.871094 
20844.011719 
20886.414062 
20891.121094 
20889.910156 
20887.601562 
20889.263672 
20878.031250 
20799.398438 
20801.207031 
20797.644531 
20799.275391 
20799.082031 
20782.177734 
20690.404297 
20690.023438 
20688.332031 
20688.931641 
20689.292969 
20323.566406 
19997.347656 
19999.181641 
19999.242188 
19999.611328 
19999.121094 
20029.029297 
20250.529297 
20259.087891 
20259.585938 
20259.849609 
20259.390625 
20197.912109 
20001.792969 
19999.359375 
19999.326172 
19999.958984 
19999.261719 
20021.337891 
20162.992188 
20169.738281 
20169.320312 
20169.052734 
20169.521484 
20139.031250 
20002.164062 
19999.347656 
19999.531250 
19999.898438 
19999.193359 
19995.326172 
20718.300781 
20729.339844 
20729.294922 
20729.476562 
20729.691406 
20733.617188 
20766.929688 
20768.988281 
20769.888672 
20769.326172 
20769.062500 
20753.902344 
20654.054688 
20649.863281 
20649.074219 
20649.908203 
20650.025391 
20658.386719 
20707.189453 
20709.031250 
20710.550781 
20709.000000 
20709.884766 
20707.140625 
20690.376953 
20689.886719 
20690.187500 
20690.148438 
20689.552734 
20681.009766 
20632.458984 
20629.472656 
20629.851562 
20630.013672 
20629.578125 
20658.636719 
20842.031250 
20850.472656 
20848.984375 
20849.636719 
20849.859375 
20848.464844 
20840.328125 
20840.214844 
20840.390625 
20839.896484 
20839.857422 
20822.433594 
20730.166016 
20730.109375 
20729.802734 
20730.097656 
20730.099609 
20345.662109 
19998.121094 
20000.115234 
20000.265625 
20000.445312 
19999.988281 
20029.464844 
20251.150391 
20259.789062 
20260.554688 
20260.716797 
20260.179688 
20197.828125 
20002.417969 
20000.074219 
20000.050781 
20000.708984 
20000.310547 
20003.279297 
20019.398438 
20020.285156 
20020.802734 
20020.888672 
20020.335938 
19978.312500 
20709.402344 
20720.357422 
20720.339844 
20720.488281 
20720.775391 
20733.175781 
20835.515625 
20840.732422 
20840.882812 
20840.308594 
20840.363281 
20840.876953 
20840.460938 
20840.140625 
20840.406250 
20840.560547 
20840.521484 
20835.351562 
20802.359375 
20799.998047 
20799.650391 
20801.042969 
20800.750000 
20475.705078 
20261.781250 
20260.343750 
20261.349609 
20261.193359 
20260.814453 
20244.625000 
20153.730469 
20149.816406 
20151.464844 
20150.279297 
20150.867188 
20150.462891 
20150.609375 
20150.738281 
20150.748047 
20150.605469 
20150.781250 
20144.091797 
20823.644531 
20830.171875 
20830.416016 
20831.667969 
20830.818359 
20825.207031 
20791.068359 
20790.517578 
20792.234375 
20791.796875 
20790.949219 
20798.416016 
20847.320312 
20853.017578 
20850.732422 
20849.785156 
20851.078125 
20821.728516 
20683.539062 
20681.808594 
20681.082031 
20681.013672 
20681.373047 
20683.628906 
20700.419922 
20701.136719 
20701.029297 
20701.078125 
20701.275391 
20705.009766 
20730.093750 
20730.835938 
20731.871094 
20731.914062 
20731.513672 
20394.917969 
20140.097656 
20140.941406 
20141.597656 
20141.212891 
20141.126953 
20139.150391 
20662.957031 
20671.531250 
20671.205078 
20671.000000 
20670.507812 
20686.923828 
20786.132812 
20791.109375 
20790.962891 
20791.669922 
20791.164062 
20788.625000 
20771.814453 
20770.806641 
20769.896484 
20770.617188 
20770.937500 
20414.423828 
20149.166016 
20150.828125 
20150.996094 
20150.980469 
20150.685547 
20120.257812 
20719.574219 
20730.982422 
20731.386719 
20731.367188 
20731.560547 
20735.894531 
20769.505859 
20771.029297 
20771.542969 
20771.460938 
20771.160156 
20754.656250 
20655.070312 
20651.046875 
20650.503906 
20652.203125 
20651.757812 
20660.105469 
20709.382812 
20710.402344 
20712.923828 
20710.277344 
20711.318359 
20708.828125 
20692.201172 
20691.539062 
20691.632812 
20691.335938 
20691.056641 
20707.437500 
20824.986328 
20830.960938 
20831.404297 
20831.945312 
20831.167969 
20443.183594 
20149.550781 
20150.904297 
20151.189453 
20151.226562 
20150.966797 
20160.437500 
20219.851562 
20219.886719 
20221.144531 
20221.082031 
20220.695312 
20222.871094 
20230.376953 
20231.085938 
20230.957031 
20231.439453 
20231.097656 
20228.988281 
20212.414062 
20212.185547 
20211.753906 
20211.093750 
20211.193359 
20208.568359 
20192.498047 
20191.494141 
20190.791016 
20191.230469 
20191.089844 
20188.236328 
20171.535156 
20170.583984 
20171.285156 
20171.421875 
20171.445312 
20177.861328 
20219.242188 
20222.226562 
20220.746094 
20219.937500 
20221.666016 
20223.363281 
20240.105469 
20240.894531 
20240.888672 
20241.031250 
20240.548828 
20238.560547 
20221.314453 
20221.484375 
20221.582031 
20221.250000 
20220.824219 
20209.970703 
20144.126953 
20139.900391 
20141.541016 
20140.652344 
20140.751953 
20139.343750 
20725.960938 
20740.925781 
20740.968750 
20740.984375 
20740.478516 
20747.203125 
20798.726562 
20801.412109 
20800.859375 
20800.687500 
20800.867188 
20786.957031 
20711.511719 
20711.757812 
20710.058594 
20711.144531 
20710.462891 
20338.386719 
20016.361328 
20021.033203 
20020.796875 
20020.363281 
20020.929688 
20035.742188 
20118.585938 
20121.218750 
20119.662109 
20121.572266 
20120.734375 
20098.535156 
20001.755859 
20001.417969 
19999.884766 
20001.695312 
20000.880859 
19961.035156 
20832.429688 
20840.429688 
20840.548828 
20841.472656 
20840.666016 
20815.050781 
20692.189453 
20690.697266 
20690.554688 
20690.726562 
20690.935547 
20710.914062 
20874.763672 
20880.490234 
20880.416016 
20881.878906 
20880.648438 
20875.531250 
20840.376953 
20839.230469 
20841.816406 
20841.580078 
20840.744141 
20399.339844 
19996.054688 
20000.794922 
20000.679688 
20000.972656 
20000.648438 
20032.939453 
20254.652344 
20260.072266 
20261.185547 
20261.000000 
20260.076172 
20193.484375 
19999.144531 
20000.150391 
20000.392578 
20000.847656 
20000.605469 
20003.072266 
20019.941406 
20020.150391 
20020.449219 
20020.902344 
20020.574219 
20068.632812 
20335.175781 
20340.291016 
20340.394531 
20339.416016 
20340.437500 
20401.908203 
20784.330078 
20790.765625 
20790.513672 
20791.003906 
20790.275391 
20788.652344 
20780.382812 
20780.072266 
20780.226562 
20780.281250 
20780.314453 
20773.458984 
20738.910156 
20740.371094 
20740.783203 
20740.373047 
20740.689453 
20745.949219 
20789.080078 
20791.333984 
20791.107422 
20790.080078 
20790.214844 
20799.011719 
20846.833984 
20850.570312 
20850.177734 
20849.009766 
20849.478516 
20846.013672 
20821.939453 
20820.410156 
20818.722656 
20818.933594 
20819.654297 
20432.929688 
20122.939453 
20119.751953 
20119.648438 
20119.945312 
20119.804688 
20098.089844 
20000.744141 
20001.179688 
19999.144531 
20001.316406 
20000.697266 
19994.095703 
20652.609375 
20660.212891 
20660.060547 
20661.498047 
20660.593750 
20669.353516 
20728.285156 
20731.968750 
20728.802734 
20731.203125 
20730.238281 
20724.761719 
20691.429688 
20690.601562 
20690.859375 
20690.173828 
20690.337891 
20700.263672 
20775.902344 
20780.656250 
20780.445312 
20780.164062 
20780.517578 
20790.466797 
20855.105469 
20861.855469 
20858.796875 
20859.515625 
20859.117188 
20829.972656 
20691.037109 
20690.351562 
20689.636719 
20689.865234 
20689.953125 
20698.488281 
20775.166016 
20780.054688 
20780.250000 
20779.697266 
20780.423828 
20788.722656 
20847.234375 
20850.162109 
20849.871094 
20849.574219 
20849.296875 
20822.037109 
20689.910156 
20690.257812 
20689.837891 
20689.714844 
20690.123047 
20326.457031 
19996.042969 
19999.906250 
20000.287109 
20000.679688 
20000.277344 
19991.673828 
20822.343750 
20830.068359 
20829.970703 
20830.970703 
20830.142578 
20832.867188 
20849.722656 
20849.746094 
20849.187500 
20849.494141 
20849.767578 
20846.236328 
20821.839844 
20820.355469 
20818.880859 
20818.894531 
20819.480469 
20388.736328 
19996.318359 
19999.734375 
19999.875000 
20000.121094 
19999.828125 
19964.636719 
20500.724609 
20508.314453 
20509.263672 
20510.714844 
20509.226562 
20544.611328 
20781.105469 
20790.015625 
20789.914062 
20790.285156 
20789.562500 
20797.617188 
20846.130859 
20849.882812 
20849.617188 
20849.152344 
20848.978516 
20840.531250 
20782.603516 
20776.945312 
20781.783203 
20778.378906 
20779.412109 
20766.191406 
20682.693359 
20679.189453 
20679.914062 
20678.843750 
20678.964844 
20589.693359 
20380.484375 
20380.585938 
20380.058594 
20380.105469 
20380.576172 
20411.835938 
20720.207031 
20729.792969 
20729.476562 
20730.228516 
20730.511719 
20394.115234 
20139.234375 
20139.617188 
20140.384766 
20139.945312 
20140.134766 
20114.738281 
20001.136719 
20000.445312 
20000.160156 
20000.347656 
19999.894531 
20057.371094 
20343.894531 
20349.519531 
20349.730469 
20349.617188 
20349.722656 
20403.525391 
20678.509766 
20690.599609 
20690.162109 
20689.187500 
20690.361328 
20686.728516 
20670.671875 
20669.714844 
20669.689453 
20669.964844 
20669.285156 
20676.605469 
20726.320312 
20730.302734 
20728.687500 
20730.394531 
20729.125000 
20346.730469 
19996.371094 
20000.019531 
19999.822266 
20000.271484 
19999.980469 
19961.896484 
20678.769531 
20690.203125 
20690.054688 
20689.335938 
20690.705078 
20706.609375 
20828.767578 
20830.429688 
20830.140625 
20831.359375 
20830.037109 
20832.044922 
20840.060547 
20840.312500 
20840.228516 
20840.113281 
20840.468750 
20399.800781 
19996.328125 
20000.728516 
20000.804688 
20000.921875 
20000.748047 
19993.250000 
20843.242188 
20849.363281 
20850.445312 
20849.566406 
20849.951172 
20840.037109 
20783.847656 
20778.175781 
20781.523438 
20780.779297 
20779.232422 
20764.355469 
20693.214844 
20690.578125 
20689.796875 
20689.089844 
20690.527344 
20325.238281 
19997.919922 
19999.908203 
19999.835938 
19999.906250 
19999.726562 
19995.957031 
20765.445312 
20768.904297 
20769.492188 
20769.656250 
20769.464844 
20759.812500 
20693.455078 
20689.970703 
20689.410156 
20689.269531 
20690.212891 
20706.128906 
20825.523438 
20829.982422 
20829.679688 
20830.546875 
20830.550781 
20830.203125 
20830.074219 
20830.236328 
20829.943359 
20830.306641 
20829.988281 
20796.128906 
20655.482422 
20649.453125 
20650.240234 
20650.003906 
20650.822266 
20658.578125 
20706.638672 
20710.128906 
20711.300781 
20708.886719 
20710.988281 
20707.523438 
20691.082031 
20689.703125 
20690.617188 
20690.496094 
20690.296875 
20325.625000 
19997.164062 
20000.072266 
20000.316406 
20000.355469 
20000.185547 
19992.412109 
20672.677734 
20680.476562 
20680.236328 
20679.597656 
20680.228516 
20681.789062 
20689.617188 
20690.404297 
20690.119141 
20690.238281 
20689.968750 
20319.001953 
19996.908203 
19999.978516 
20000.306641 
20000.287109 
20000.285156 
19991.255859 
20832.609375 
20839.865234 
20839.966797 
20840.712891 
20840.248047 
20813.296875 
20691.621094 
20690.941406 
20690.164062 
20690.578125 
20690.783203 
20706.332031 
20826.589844 
20829.978516 
20830.314453 
20831.044922 
20830.349609 
20831.910156 
20839.992188 
20840.214844 
20839.855469 
20839.917969 
20840.230469 
20397.900391 
19996.476562 
20000.093750 
20000.515625 
20000.484375 
20000.353516 
19990.601562 
20794.796875 
20801.232422 
20800.474609 
20799.976562 
20800.445312 
20798.738281 
20790.443359 
20790.345703 
20790.521484 
20790.242188 
20790.140625 
20799.273438 
20848.587891 
20850.785156 
20850.044922 
20849.507812 
20850.128906 
20846.167969 
20821.822266 
20821.460938 
20819.689453 
20819.947266 
20820.171875 
20387.929688 
19995.966797 
20000.144531 
20000.500000 
20000.652344 
20000.486328 
19989.103516 
20842.429688 
20849.929688 
20850.226562 
20849.796875 
20850.525391 
20840.626953 
20782.826172 
20778.109375 
20782.410156 
20780.365234 
20780.357422 
20765.253906 
20691.935547 
20690.933594 
20689.988281 
20690.292969 
20690.673828 
20325.226562 
19996.500000 
20000.310547 
20000.599609 
20000.937500 
20000.687500 
19989.292969 
20833.259766 
20840.437500 
20840.484375 
20841.033203 
20840.787109 
20805.722656 
20654.343750 
20650.013672 
20650.443359 
20650.896484 
20650.855469 
20661.031250 
20726.638672 
20731.724609 
20729.660156 
20730.925781 
20730.048828 
20733.667969 
20758.730469 
20759.910156 
20759.890625 
20760.062500 
20760.617188 
20760.210938 
20760.683594 
20760.570312 
20760.437500 
20760.324219 
20760.433594 
20751.763672 
20693.566406 
20690.103516 
20690.121094 
20690.382812 
20690.558594 
20326.292969 
19996.322266 
20000.181641 
20000.806641 
20000.914062 
20000.929688 
19989.189453 
20824.347656 
20830.794922 
20830.255859 
20831.664062 
20830.792969 
20832.210938 
20840.382812 
20840.578125 
20840.566406 
20840.519531 
20840.730469 
20805.695312 
20654.060547 
20650.101562 
20650.597656 
20651.019531 
20650.945312 
20666.398438 
20775.298828 
20779.990234 
20782.066406 
20781.023438 
20780.453125 
20766.332031 
20682.322266 
20680.582031 
20680.742188 
20680.085938 
20679.925781 
20676.628906 
20652.103516 
20651.119141 
20650.257812 
20650.544922 
20651.021484 
20673.476562 
20816.105469 
20820.859375 
20820.140625 
20820.046875 
20820.257812 
20823.480469 
20840.314453 
20840.839844 
20840.279297 
20840.244141 
20840.314453 
20399.453125 
19996.371094 
20000.175781 
20000.636719 
20000.726562 
20000.539062 
19991.208984 
20680.705078 
20691.279297 
20690.855469 
20690.224609 
20691.275391 
20701.896484 
20777.363281 
20781.089844 
20780.859375 
20781.242188 
20780.533203 
20378.011719 
19996.699219 
20000.542969 
20000.761719 
20000.886719 
20000.812500 
19990.451172 
20776.853516 
20780.724609 
20780.693359 
20780.966797 
20780.355469 
20781.998047 
20790.634766 
20790.433594 
20790.269531 
20790.238281 
20790.384766 
20787.218750 
20770.201172 
20769.730469 
20770.070312 
20770.310547 
20770.558594 
20755.117188 
20664.878906 
20659.148438 
20660.992188 
20661.132812 
20660.660156 
20680.746094 
20816.599609 
20820.998047 
20820.179688 
20820.152344 
20820.390625 
20796.847656 
20691.246094 
20691.160156 
20689.718750 
20690.574219 
20690.748047 
20325.074219 
19996.667969 
20000.128906 
20000.486328 
20000.751953 
20000.691406 
19990.625000 
20671.896484 
20680.789062 
20680.548828 
20679.953125 
20680.253906 
20682.023438 
20690.255859 
20690.710938 
20690.578125 
20690.603516 
20690.423828 
20320.619141 
19996.478516 
20000.244141 
20000.417969 
20000.750000 
20000.552734 
19990.408203 
20662.871094 
20670.406250 
20670.156250 
20670.501953 
20669.984375 
20667.808594 
20651.587891 
20650.466797 
20650.144531 
20650.439453 
20650.537109 
20673.289062 
20815.371094 
20820.703125 
20820.070312 
20819.994141 
20820.371094 
20789.505859 
20654.214844 
20650.328125 
20650.671875 
20650.951172 
20650.660156 
20653.505859 
20670.177734 
20670.359375 
20670.091797 
20669.746094 
20670.429688 
20690.925781 
20836.189453 
20840.056641 
20840.212891 
20841.095703 
20840.332031 
20812.101562 
20690.652344 
20690.458984 
20690.054688 
20690.535156 
20690.826172 
20706.126953 
20815.939453 
20821.294922 
20820.597656 
20819.755859 
20819.916016 
20797.218750 
20691.546875 
20690.765625 
20689.628906 
20690.179688 
20690.572266 
20707.238281 
20826.062500 
20830.363281 
20830.515625 
20831.404297 
20829.705078 
20444.203125 
20139.296875 
20139.789062 
20140.804688 
20140.058594 
20140.394531 
20112.701172 
20000.761719 
20000.560547 
20000.269531 
20000.568359 
20000.460938 
20064.794922 
20436.500000 
20440.388672 
20440.181641 
20438.902344 
20440.195312 
20352.144531 
20064.851562 
20070.310547 
20070.599609 
20070.101562 
20070.355469 
20011.621094 
20785.656250 
20790.748047 
20790.671875 
20790.839844 
20790.140625 
20767.507812 
20663.927734 
20659.498047 
20660.742188 
20660.681641 
20660.214844 
20670.205078 
20736.003906 
20741.779297 
20738.458984 
20741.730469 
20740.339844 
20733.951172 
20692.515625 
20689.380859 
20690.556641 
20690.228516 
20690.187500 
20687.349609 
20671.203125 
20670.308594 
20670.648438 
20670.646484 
20670.228516 
20690.914062 
20836.011719 
20839.781250 
20840.203125 
20840.898438 
20840.628906 
20820.033203 
20728.507812 
20730.695312 
20730.501953 
20730.220703 
20730.556641 
20726.337891 
20701.285156 
20699.671875 
20700.158203 
20700.455078 
20700.310547 
20331.318359 
19996.660156 
20000.179688 
20000.099609 
20000.414062 
20000.218750 
19990.931641 
20681.089844 
20690.187500 
20690.326172 
20689.515625 
20690.421875 
20706.611328 
20826.375000 
20829.984375 
20829.988281 
20831.089844 
20829.582031 
20831.242188 
20840.253906 
20839.939453 
20839.837891 
20839.990234 
20840.308594 
20399.199219 
19996.339844 
20000.275391 
20000.357422 
20000.488281 
20000.515625 
19989.884766 
20804.517578 
20810.648438 
20810.445312 
20809.363281 
20810.208984 
20815.921875 
20849.992188 
20851.246094 
20849.552734 
20849.783203 
20849.869141 
20820.068359 
20691.269531 
20690.718750 
20690.033203 
20690.294922 
20690.660156 
20325.070312 
19997.050781 
20000.326172 
20000.433594 
20000.621094 
20000.464844 
19992.109375 
20663.880859 
20670.662109 
20670.226562 
20670.531250 
20670.019531 
20673.230469 
20689.039062 
20689.964844 
20690.185547 
20690.447266 
20689.765625 
20327.765625 
19997.070312 
20000.125000 
20000.312500 
20000.248047 
20000.351562 
19990.779297 
20766.927734 
20769.957031 
20769.599609 
20769.953125 
20770.117188 
20759.369141 
20693.068359 
20690.134766 
20690.123047 
20690.126953 
20690.564453 
20706.916016 
20826.593750 
20830.283203 
20830.214844 
20831.537109 
20829.791016 
20830.101562 
20830.636719 
20830.316406 
20830.273438 
20830.378906 
20830.392578 
20796.152344 
20655.138672 
20650.175781 
20650.218750 
20650.468750 
20650.648438 
20659.003906 
20706.052734 
20709.650391 
20711.744141 
20709.300781 
20710.746094 
20707.333984 
20691.505859 
20689.986328 
20690.470703 
20690.304688 
20689.984375 
20326.341797 
19997.226562 
20000.220703 
20000.166016 
20000.306641 
20000.265625 
19991.121094 
20794.851562 
20800.628906 
20800.398438 
20799.511719 
20800.308594 
20773.591797 
20654.845703 
20649.714844 
20650.224609 
20650.316406 
20650.404297 
20674.035156 
20824.427734 
20829.511719 
20829.644531 
20830.435547 
20829.884766 
20830.312500 
20830.359375 
20830.248047 
20830.181641 
20830.158203 
20830.398438 
20803.816406 
20691.923828 
20690.501953 
20689.740234 
20690.544922 
20690.572266 
20326.505859 
19997.199219 
20000.357422 
20000.400391 
20000.386719 
20000.480469 
19990.542969 
20823.400391 
20830.046875 
20830.107422 
20831.464844 
20830.445312 
20796.027344 
20655.437500 
20650.322266 
20650.263672 
20650.537109 
20650.541016 
20667.001953 
20773.035156 
20780.097656 
20781.175781 
20780.375000 
20779.890625 
20787.777344 
20829.107422 
20828.152344 
20831.003906 
20830.570312 
20830.109375 
20394.412109 
19996.500000 
20000.023438 
20000.146484 
20000.158203 
20000.265625 
19990.753906 
20681.597656 
20690.181641 
20690.296875 
20689.753906 
20690.560547 
20705.597656 
20815.933594 
20820.562500 
20820.175781 
20819.664062 
20819.957031 
20820.839844 
20820.283203 
20820.279297 
20820.171875 
20820.138672 
20820.335938 
20796.626953 
20692.835938 
20690.597656 
20689.578125 
20690.195312 
20690.585938 
20708.914062 
20846.269531 
20849.054688 
20850.310547 
20849.759766 
20850.605469 
20846.181641 
20821.777344 
20821.136719 
20819.478516 
20819.507812 
20820.187500 
20821.980469 
20830.291016 
20830.460938 
20830.593750 
20830.472656 
20830.261719 
20393.837891 
19996.367188 
20000.197266 
20000.263672 
20000.410156 
20000.433594 
19962.585938 
20681.660156 
20690.402344 
20690.490234 
20689.935547 
20690.582031 
20707.765625 
20836.544922 
20839.527344 
20840.326172 
20841.480469 
20840.728516 
20402.164062 
19996.439453 
20000.294922 
20000.296875 
20000.539062 
20000.353516 
19990.253906 
20646.544922 
20650.437500 
20650.359375 
20650.539062 
20650.777344 
20677.542969 
20854.134766 
20859.308594 
20860.675781 
20859.494141 
20859.812500 
20826.781250 
20691.675781 
20690.458984 
20690.410156 
20690.308594 
20690.412109 
20687.351562 
20671.095703 
20670.367188 
20670.437500 
20670.738281 
20670.326172 
20316.574219 
19996.871094 
20000.289062 
20000.458984 
20000.578125 
20000.607422 
19961.529297 
20833.328125 
20840.074219 
20840.265625 
20841.097656 
20840.548828 
20832.945312 
20790.980469 
20789.382812 
20791.736328 
20790.882812 
20790.146484 
20799.253906 
20847.644531 
20851.613281 
20849.867188 
20849.429688 
20850.287109 
20847.410156 
20830.789062 
20830.898438 
20830.390625 
20830.068359 
20829.958984 
20394.214844 
19996.218750 
19999.962891 
20000.113281 
20000.306641 
20000.218750 
19962.574219 
20745.623047 
20759.851562 
20760.347656 
20759.666016 
20760.500000 
20751.660156 
20694.367188 
20689.320312 
20690.761719 
20690.513672 
20690.433594 
20707.750000 
20826.326172 
20830.408203 
20830.423828 
20831.898438 
20830.082031 
20393.808594 
19996.347656 
20000.433594 
20000.458984 
20000.705078 
20000.531250 
19989.589844 
20664.169922 
20670.646484 
20670.361328 
20670.728516 
20670.269531 
20667.837891 
20651.789062 
20650.496094 
20650.210938 
20650.482422 
20650.582031 
20673.730469 
20814.705078 
20820.000000 
20819.804688 
20819.894531 
20820.142578 
20788.798828 
20654.775391 
20650.191406 
20650.304688 
20650.462891 
20650.398438 
20653.105469 
20669.277344 
20670.015625 
20669.855469 
20669.888672 
20670.152344 
20691.312500 
20835.921875 
20839.765625 
20840.203125 
20841.083984 
20840.488281 
20811.638672 
20691.203125 
20690.650391 
20689.984375 
20690.771484 
20690.718750 
20706.316406 
20816.558594 
20820.828125 
20820.787109 
20819.921875 
20820.142578 
20797.001953 
20692.242188 
20690.896484 
20689.851562 
20690.619141 
20690.751953 
20707.826172 
20826.728516 
20830.107422 
20830.480469 
20831.683594 
20829.894531 
20443.152344 
20139.546875 
20139.935547 
20140.449219 
20139.886719 
20140.267578 
20116.148438 
20019.558594 
20020.884766 
20020.083984 
20020.042969 
20020.173828 
19974.787109 
20915.136719 
20929.574219 
20930.281250 
20931.519531 
20929.859375 
20934.515625 
20958.861328 