Une source, non orienté vers la source			FREQ = 1608
												1348 RECU

2014-05-07 14:53:51.984 RealTimeRecord[162:480b] INIT /**/**/**/ : uuttttxyyyyyrpphfe    /::::9    )11111    1jiiiillld`aaaafifggfeffeedpuuuuuttttttkiiiiV    /::::9     !""""! !hhhhqtttttttttttqpppp`::::::2//////////0@ssssspooooosuuuuugdddddffffffhiiiiV/.....Icccccmooooommmmm]0/////Miiiiilmmmmmcaaaaagggggfeeeeeepssssa0/////4666667777775555554333332111115666667888886666661.....>jjjjjoppppphhgggT&##"##(-,,,,! Htttttheeeefsxxxxxutttt[    /::::9      !""!"4>BBB@=ooooonnnnnnkjjjjjnoooootuuuuusrrrr].,,,,,)    BbbbbhiihjifeeeeelnnnnnswvwvvieeeeflnnnnnruuuvtjeeeeR    4sssssuuuuuusrrrr\     !"+hooooosvuuuupnnnnnfddddbBGFFFESiiiiZ0.....'     5CCCCBYeeeeeccccccgiiiiU     Beeeeepsssssttttt^    Iuuuuupnonnngfefe    12  Tglsstsstssss^aabaaffifggfeeeeS     >S  BdeeeeeS        afeeeeekstrsttttt        ppoooooqvtuuutrrrr]       !urnnonnidfdeS        ugaaaaafhihiijlmllkllllllgeedeS    I  4stttttthaaaaannnnnicecdeaaaaa`jrrrrrsuttt_     .B  1enmZ    0G  GnnooooonmmmnfcacbajrrrrrefeeT     B  1deeeeeT     A! Acbaaaaarrrrr_aaaaacccccbltttttjeeeeejrrrrefeeeksssrb"..../$     5LLLLK"''''&'']]ohbbcbbfjhfedefdccccblttuttijiihgfT       !dlsssrsttttt^     I! tvuuuu     !!     !lsstrsssssssdeeffe     0H!\pssssssssssss    1_!Isnnqrtss^     !"mrrrrrrrrrrrkouuuuusrrrrrsssss]    !3otttt^    !"!svwuvvke     2_!4ttpooooosvuuuutssss]     1Y!Ylgfdgossss]    0c!ccaaaaaborrrrrdaaaaacccdptttttheeeefnrrrrrideeefossss^).....'!""""'"8}h

2014-05-07 14:53:52.027 RealTimeRecord[162:480b] RES /**/**/**/ : utyp : 1 ilafuti : "http://soudfi.com/images/67531686.jphg#,text : "Bonjour, bhenvenue sur oundFi. Ceci est un ssafe e  est  pour  nd  aille tancart  nomcre e aracteres. L']bfcti  st u  sse ss ns rrurs t v tous Ygs caracteres."

19362.789062 
19392.302734 
19393.404297 
19391.664062 
19392.417969 
19390.636719 
19386.671875 
19389.912109 
19388.222656 
19390.507812 
19390.658203 
19390.625000 
19390.351562 
19390.439453 
19390.435547 
19390.306641 
19390.263672 
19390.164062 
19390.031250 
19390.085938 
19389.970703 
19390.093750 
19389.994141 
19390.031250 
19390.283203 
19390.234375 
19390.361328 
19390.320312 
19390.296875 
19390.388672 
19390.316406 
19390.451172 
19390.410156 
19390.353516 
19390.414062 
19390.337891 
19390.429688 
19392.390625 
19411.898438 
19404.082031 
19394.488281 
19393.531250 
19356.460938 
19347.326172 
20853.611328 
20846.416016 
20840.925781 
20842.617188 
20841.037109 
20841.136719 
20876.058594 
20886.652344 
20890.539062 
20892.480469 
20892.431641 
20888.382812 
20824.439453 
19202.410156 
19200.218750 
20802.437500 
20800.794922 
19186.443359 
20719.070312 
19007.453125 
17333.865234 
20701.968750 
20691.824219 
18880.605469 
19964.865234 
20000.324219 
20001.601562 
19999.091797 
19999.369141 
19983.519531 
20149.847656 
20260.484375 
20261.429688 
20260.513672 
20259.996094 
20252.753906 
19967.957031 
20000.150391 
20001.603516 
19995.066406 
20002.800781 
19986.042969 
20089.152344 
20171.185547 
20170.730469 
20170.001953 
20171.035156 
20165.738281 
19972.468750 
19999.736328 
20001.255859 
19998.404297 
20001.447266 
19987.187500 
20169.917969 
20735.988281 
20731.478516 
20734.484375 
20732.574219 
20733.171875 
20757.097656 
20763.642578 
19154.125000 
14310.060547 
19154.835938 
20762.384766 
20678.244141 
20637.218750 
20652.515625 
20652.546875 
20651.617188 
20650.796875 
20700.562500 
20725.621094 
20702.951172 
20709.138672 
20713.386719 
20702.281250 
20690.650391 
20696.910156 
20697.410156 
20691.919922 
20686.527344 
20679.035156 
12204.737305 
17269.304688 
17270.576172 
13892.334961 
13893.396484 
13889.316406 
20801.507812 
20850.539062 
20851.544922 
20850.933594 
20850.523438 
20851.519531 
20842.703125 
20840.527344 
20840.708984 
20840.556641 
20840.839844 
20837.062500 
20754.773438 
20732.318359 
20730.173828 
20730.189453 
20732.054688 
20537.425781 
19961.486328 
19996.550781 
19996.021484 
19997.908203 
20003.037109 
19985.523438 
20145.324219 
20261.486328 
20260.000000 
20260.382812 
20259.589844 
20252.121094 
19968.132812 
19998.279297 
20000.130859 
19997.958984 
20002.109375 
20000.337891 
20011.169922 
20017.285156 
20019.765625 
20018.832031 
20018.839844 
20010.074219 
19996.144531 
20009.898438 
20719.361328 
20720.085938 
20719.425781 
20723.949219 
20810.273438 
20844.148438 
20835.027344 
20840.386719 
20844.449219 
20840.341797 
20839.187500 
20841.650391 
20839.439453 
20839.898438 
20840.160156 
20839.585938 
20808.386719 
20799.744141 
20800.410156 
20801.537109 
20799.160156 
20636.548828 
20264.468750 
20261.689453 
20261.183594 
20260.617188 
20260.017578 
20257.302734 
20181.089844 
20152.199219 
20151.677734 
20150.269531 
20150.115234 
20150.347656 
20149.427734 
20150.312500 
20150.001953 
20149.859375 
20150.765625 
20155.375000 
20322.457031 
20830.601562 
20829.550781 
20832.189453 
20830.148438 
20828.779297 
20799.080078 
20793.474609 
20792.490234 
20789.201172 
20787.982422 
20792.203125 
20834.925781 
20852.707031 
20849.332031 
20850.593750 
20850.468750 
20847.498047 
20713.158203 
20681.787109 
20680.222656 
20677.519531 
20678.195312 
20680.343750 
20697.582031 
20700.195312 
20699.957031 
20701.023438 
20700.296875 
20699.554688 
20722.005859 
20729.923828 
20734.429688 
20730.257812 
20728.218750 
20543.000000 
20151.332031 
20141.656250 
20139.898438 
20142.513672 
20138.910156 
20142.468750 
20411.904297 
20669.511719 
20671.615234 
20672.964844 
20665.945312 
20670.576172 
20770.687500 
20793.859375 
20788.880859 
20790.130859 
20789.582031 
20790.562500 
20774.255859 
20769.105469 
20769.341797 
20771.017578 
20769.931641 
20610.226562 
20160.078125 
20151.216797 
20148.535156 
20150.957031 
20149.599609 
20151.755859 
20445.328125 
20728.996094 
20729.312500 
20730.412109 
20731.160156 
20730.587891 
20758.716797 
20768.773438 
20773.949219 
20771.289062 
20766.970703 
20765.669922 
20670.267578 
20647.345703 
20651.208984 
20647.353516 
20649.792969 
20649.476562 
20711.597656 
20708.673828 
20706.060547 
20714.878906 
20706.605469 
20704.433594 
20692.357422 
20692.900391 
20692.693359 
20691.726562 
20689.804688 
20694.009766 
20800.400391 
20831.705078 
20829.875000 
20833.042969 
20828.541016 
20648.421875 
20157.195312 
20149.902344 
20148.851562 
20151.121094 
20149.849609 
20151.517578 
20201.076172 
20221.572266 
20220.039062 
20220.496094 
20217.083984 
20220.578125 
20227.384766 
20230.089844 
20229.767578 
20232.027344 
20230.191406 
20230.775391 
20213.183594 
20209.449219 
20210.693359 
20211.320312 
20210.984375 
20210.476562 
20195.453125 
20189.757812 
20189.589844 
20188.970703 
20189.607422 
20189.853516 
20176.023438 
20170.677734 
20170.689453 
20170.544922 
20170.246094 
20171.074219 
20206.039062 
20222.632812 
20221.589844 
20218.375000 
20218.871094 
20219.777344 
20234.332031 
20240.574219 
20241.605469 
20241.480469 
20239.550781 
20238.933594 
20223.287109 
20218.009766 
20218.511719 
20218.742188 
20219.375000 
20219.072266 
20165.757812 
20139.845703 
20140.818359 
20139.523438 
20140.099609 
20141.503906 
20302.199219 
20738.582031 
20739.269531 
20740.095703 
20739.710938 
20739.681641 
20788.322266 
20803.546875 
20797.261719 
20803.212891 
20798.324219 
20797.945312 
20724.746094 
20715.382812 
20708.789062 
20712.000000 
20706.783203 
20522.761719 
20060.300781 
20027.677734 
20025.902344 
20017.724609 
20025.000000 
20025.757812 
20079.832031 
20126.625000 
20121.896484 
20117.287109 
20122.115234 
20115.636719 
19931.179688 
19992.654297 
20005.160156 
19993.630859 
20003.212891 
19985.783203 
20398.068359 
20841.205078 
20838.927734 
20839.826172 
20840.707031 
20836.851562 
20721.455078 
20691.736328 
20689.623047 
20690.382812 
20691.763672 
20695.179688 
20832.029297 
20879.511719 
20880.335938 
20881.140625 
20880.865234 
20880.013672 
20850.679688 
20836.068359 
20838.671875 
20841.437500 
20840.271484 
20587.574219 
19888.191406 
20003.531250 
20001.750000 
19995.478516 
20002.687500 
19985.382812 
20148.519531 
20262.716797 
20261.527344 
20260.638672 
20259.089844 
20252.580078 
19981.605469 
19999.191406 
20003.238281 
19996.783203 
20003.689453 
20000.533203 
20000.144531 
20009.712891 
20023.638672 
20022.703125 
20012.714844 
20020.613281 
20197.210938 
20295.953125 
20341.753906 
20339.695312 
20339.976562 
20315.091797 
20288.660156 
20789.347656 
20790.703125 
20789.849609 
20789.160156 
20789.375000 
20782.414062 
20780.021484 
20780.650391 
20780.914062 
20780.390625 
20779.496094 
20748.792969 
20737.132812 
20738.587891 
20742.851562 
20742.812500 
20739.734375 
20775.859375 
20790.367188 
20791.441406 
20790.488281 
20791.126953 
20788.875000 
20838.000000 
20851.382812 
20847.343750 
20853.728516 
20849.992188 
20848.187500 
20829.625000 
20819.964844 
20819.234375 
20818.726562 
20821.287109 
20610.572266 
20143.328125 
20124.853516 
20121.650391 
20120.949219 
20121.521484 
20118.998047 
20088.902344 
19988.416016 
20000.453125 
20000.335938 
20002.505859 
19989.966797 
20000.480469 
20338.681641 
20657.687500 
20659.003906 
20661.351562 
20663.367188 
20715.769531 
20726.908203 
20733.927734 
20724.814453 
20737.007812 
20727.175781 
20698.066406 
20688.457031 
20693.101562 
20694.138672 
20691.574219 
20692.371094 
20757.408203 
20779.841797 
20780.031250 
20782.013672 
20781.445312 
20781.707031 
20833.376953 
20867.199219 
20856.667969 
20866.222656 
20856.496094 
20856.970703 
20730.486328 
20692.027344 
20690.107422 
20692.568359 
20690.312500 
20697.371094 
20758.015625 
20780.976562 
20781.603516 
20782.648438 
20781.886719 
20780.548828 
20824.914062 
20851.265625 
20853.732422 
20846.513672 
20855.281250 
20843.835938 
20735.021484 
20688.031250 
20693.132812 
20691.923828 
20692.683594 
20504.742188 
19957.392578 
19998.775391 
20000.064453 
19998.298828 
20000.560547 
19992.542969 
20204.980469 
20830.035156 
20828.957031 
20830.738281 
20829.251953 
20830.234375 
20845.255859 
20850.992188 
20850.402344 
20850.062500 
20848.998047 
20849.281250 
20828.318359 
20820.500000 
20818.683594 
20818.597656 
20820.421875 
20602.226562 
19903.839844 
20002.041016 
20000.605469 
19997.466797 
20000.339844 
19996.843750 
20005.875000 
19944.181641 
19992.279297 
19987.923828 
20022.804688 
20106.964844 
20715.720703 
20789.490234 
20791.568359 
20790.285156 
20789.914062 
20791.441406 
20831.855469 
20855.421875 
20848.162109 
20851.419922 
20850.130859 
20848.681641 
20798.277344 
20779.496094 
20782.421875 
20780.328125 
20780.734375 
20778.898438 
20699.771484 
20684.132812 
20677.234375 
20683.316406 
20677.302734 
20662.642578 
20341.273438 
20387.111328 
20379.281250 
20380.617188 
20383.636719 
20370.380859 
20508.527344 
20726.929688 
20728.636719 
20732.121094 
20729.513672 
20577.062500 
20163.527344 
20142.453125 
20139.193359 
20140.253906 
20139.818359 
20139.058594 
20066.683594 
20001.171875 
20000.996094 
19998.960938 
19999.337891 
19999.775391 
20206.609375 
20351.593750 
20349.751953 
20352.650391 
20354.300781 
20340.302734 
20573.589844 
20691.841797 
20691.423828 
20690.759766 
20689.392578 
20690.312500 
20673.007812 
20668.755859 
20670.781250 
20671.421875 
20672.759766 
20674.070312 
20714.953125 
20729.791016 
20733.349609 
20727.208984 
20733.812500 
20534.066406 
19913.191406 
20002.324219 
20000.406250 
19998.279297 
20001.017578 
19996.755859 
20338.109375 
20693.552734 
20690.468750 
20690.298828 
20687.884766 
20693.666016 
20795.341797 
20829.917969 
20829.062500 
20830.220703 
20829.605469 
20829.785156 
20839.978516 
20841.107422 
20841.134766 
20840.070312 
20840.621094 
20618.410156 
19924.140625 
20001.449219 
20000.687500 
19999.111328 
20002.025391 
19994.933594 
20412.777344 
20851.023438 
20850.480469 
20850.589844 
20851.105469 
20849.623047 
20801.890625 
20778.394531 
20785.964844 
20783.146484 
20779.783203 
20781.974609 
20705.576172 
20702.083984 
20686.410156 
20695.503906 
20688.722656 
18850.154297 
19963.119141 
20000.203125 
20001.347656 
20000.431641 
20001.015625 
19994.808594 
20171.507812 
20182.511719 
20003.599609 
20000.042969 
18581.882812 
14316.996094 
15759.915039 
20517.316406 
20707.878906 
14074.333984 
15756.967773 
17343.550781 
20761.074219 
20827.455078 
20826.011719 
20840.746094 
20825.177734 
20830.998047 
20835.927734 
20829.707031 
20829.240234 
20829.382812 
20831.375000 
19236.208984 
20618.574219 
20645.800781 
20648.935547 
20655.308594 
20653.152344 
20652.273438 
20697.703125 
20696.878906 
20727.085938 
20703.474609 
20712.281250 
20710.396484 
20695.455078 
20689.091797 
20688.800781 
20691.191406 
20692.177734 
20512.650391 
19986.623047 
19999.662109 
20000.355469 
20000.369141 
20000.857422 
19998.273438 
20303.689453 
20508.958984 
20000.613281 
20000.167969 
20336.486328 
20681.792969 
20687.746094 
20690.509766 
20691.902344 
20690.486328 
20689.986328 
20514.074219 
19991.031250 
19999.107422 
20000.015625 
20000.419922 
20000.484375 
19998.746094 
19922.900391 
19978.031250 
19998.958984 
20000.457031 
20001.283203 
20654.117188 
20699.328125 
20692.306641 
20691.726562 
20689.357422 
20690.957031 
20687.847656 
20753.402344 
19241.496094 
20828.093750 
20837.261719 
20822.160156 
20826.558594 
20838.875000 
20841.593750 
20839.585938 
20839.281250 
20839.076172 
17275.947266 
19985.298828 
19998.765625 
20000.021484 
20000.263672 
20000.246094 
19997.996094 
19931.246094 
19982.421875 
19997.001953 
20000.884766 
20004.470703 
20801.429688 
20796.441406 
20790.767578 
20790.570312 
20790.021484 
20789.072266 
20787.332031 
20812.382812 
20864.609375 
20844.570312 
20852.191406 
20847.052734 
20848.324219 
20839.675781 
20819.693359 
20822.628906 
20820.484375 
20818.833984 
20608.789062 
19989.789062 
19998.962891 
20000.197266 
20000.113281 
20000.193359 
19997.685547 
19920.162109 
19988.916016 
20001.226562 
19999.339844 
20006.582031 
20849.796875 
20817.337891 
20779.455078 
20775.681641 
20785.656250 
20777.335938 
20781.638672 
20728.847656 
20683.861328 
20698.234375 
20683.699219 
20694.347656 
20507.894531 
19986.500000 
19999.175781 
20000.351562 
19999.929688 
20000.068359 
19996.615234 
19928.562500 
19981.644531 
20001.324219 
19999.757812 
20004.240234 
20845.708984 
20708.632812 
20649.859375 
20649.267578 
20653.566406 
20652.285156 
20651.113281 
20701.503906 
20723.144531 
20734.667969 
20722.996094 
20733.804688 
20727.347656 
20740.384766 
20757.148438 
20769.310547 
20764.689453 
20758.287109 
20753.843750 
20758.916016 
20761.550781 
20761.337891 
20760.353516 
20760.363281 
20762.957031 
20711.714844 
20693.828125 
20692.220703 
20684.781250 
20693.173828 
20514.414062 
19977.419922 
19998.396484 
20000.296875 
19999.621094 
20000.382812 
19994.962891 
19953.228516 
20407.789062 
20002.552734 
19996.902344 
20203.634766 
20830.871094 
20837.638672 
20840.242188 
20839.765625 
20840.425781 
20840.345703 
20839.542969 
20715.708984 
20649.433594 
20647.896484 
20653.716797 
20653.275391 
20647.548828 
19134.050781 
20782.390625 
20775.197266 
20778.578125 
20781.640625 
20783.658203 
20726.457031 
20670.773438 
20688.910156 
20674.224609 
20679.531250 
20685.871094 
20654.443359 
20650.195312 
20652.744141 
20654.728516 
20650.910156 
20643.082031 
20740.742188 
20819.136719 
20816.759766 
20822.810547 
20821.222656 
20820.619141 
20831.582031 
20845.509766 
20841.121094 
20839.355469 
20840.929688 
20626.376953 
19974.609375 
19998.623047 
20000.166016 
20000.023438 
20000.810547 
19995.572266 
20144.326172 
20340.703125 
20003.605469 
19998.066406 
20173.542969 
20686.240234 
19121.402344 
19165.457031 
19169.386719 
20784.544922 
20774.640625 
20580.576172 
19974.152344 
19998.617188 
20000.251953 
19999.607422 
20000.720703 
19994.941406 
20164.539062 
20388.162109 
20004.097656 
19996.871094 
20385.726562 
20778.732422 
20784.873047 
20787.078125 
20788.599609 
20789.853516 
20790.332031 
20790.441406 
20781.574219 
15937.138672 
20772.667969 
20772.839844 
20773.492188 
20775.636719 
20695.898438 
20670.392578 
20650.667969 
20668.593750 
20660.966797 
20651.974609 
20739.328125 
20820.871094 
20815.736328 
20821.269531 
20821.751953 
20819.066406 
19156.009766 
20685.554688 
20698.332031 
20685.257812 
20692.855469 
20519.265625 
19975.037109 
19998.677734 
20000.382812 
19999.707031 
20000.591797 
19995.623047 
19947.740234 
20336.031250 
20004.560547 
19996.468750 
20165.269531 
20684.031250 
20687.390625 
20689.810547 
20692.660156 
20691.517578 
20689.890625 
20518.972656 
19976.617188 
19998.636719 
20000.312500 
19999.652344 
20000.509766 
19995.871094 
19950.355469 
20331.363281 
20005.072266 
19996.148438 
20327.605469 
20669.136719 
20657.054688 
20652.875000 
20653.091797 
20652.382812 
20652.218750 
20645.019531 
17615.195312 
20820.121094 
20816.734375 
20821.804688 
20821.203125 
20821.324219 
20629.662109 
20649.287109 
20649.300781 
20654.460938 
20653.968750 
20653.382812 
20665.570312 
20665.628906 
20665.054688 
20666.371094 
20670.087891 
20663.804688 
20759.492188 
20840.625000 
20841.201172 
20842.152344 
20839.814453 
20839.044922 
20742.919922 
20690.466797 
20693.132812 
20685.783203 
20692.000000 
20685.214844 
20744.927734 
20824.898438 
20815.285156 
20817.892578 
20821.519531 
19224.744141 
19153.121094 
20689.898438 
20696.541016 
20685.750000 
20692.423828 
20685.146484 
20752.570312 
20834.140625 
20828.710938 
20834.193359 
20823.769531 
20657.818359 
20022.613281 
20137.742188 
20137.876953 
20139.691406 
20138.496094 
20150.205078 
20041.060547 
19997.501953 
20000.927734 
19999.851562 
20001.083984 
19996.451172 
20208.445312 
20440.468750 
20443.062500 
20441.185547 
20439.472656 
20425.410156 
20020.812500 
20073.232422 
20072.986328 
20071.285156 
20070.375000 
20059.791016 
19963.507812 
20072.746094 
20069.750000 
20607.236328 
20606.009766 
20794.195312 
20723.345703 
20655.585938 
20660.230469 
20669.908203 
20656.609375 
20656.031250 
20696.246094 
17477.980469 
17470.085938 
15841.177734 
19095.515625 
20743.880859 
20723.308594 
20700.751953 
20689.437500 
20681.962891 
20691.583984 
20697.361328 
20680.484375 
20667.871094 
20671.484375 
20665.343750 
20667.998047 
20663.767578 
20757.128906 
20838.730469 
20840.544922 
20845.679688 
20838.875000 
20837.679688 
15920.673828 
20730.515625 
19082.046875 
20738.523438 
20731.447266 
20732.484375 
20720.431641 
20708.398438 
20699.082031 
15722.570312 
19051.839844 
20523.779297 
19981.429688 
19999.035156 
20000.570312 
19999.609375 
20000.621094 
19996.773438 
19949.593750 
19970.027344 
20004.890625 
19995.085938 
20008.753906 
20682.115234 
20755.582031 
20831.250000 
20827.132812 
20834.404297 
20824.863281 
20833.474609 
20841.535156 
20841.234375 
20840.013672 
20838.636719 
20839.982422 
20622.740234 
19978.710938 
19998.822266 
20000.523438 
19999.488281 
20000.460938 
19996.193359 
19951.613281 
20406.650391 
20005.632812 
19995.298828 
18604.574219 
17624.753906 
20835.464844 
20858.072266 
20852.791016 
20848.111328 
20847.390625 
20845.800781 
15746.833984 
17374.478516 
17359.343750 
15721.820312 
14056.696289 
15558.849609 
19976.222656 
19998.896484 
20000.810547 
19999.529297 
20000.732422 
19995.820312 
19951.062500 
19971.691406 
20005.925781 
19994.841797 
20011.929688 
17037.796875 
15711.124023 
14018.467773 
17367.107422 
19023.535156 
14014.751953 
17206.298828 
19973.804688 
19998.808594 
20000.818359 
19999.433594 
20000.484375 
19995.445312 
19949.996094 
19972.953125 
20007.138672 
19994.949219 
18576.904297 
14312.812500 
14162.001953 
17375.212891 
17380.355469 
17361.730469 
15690.544922 
19018.197266 
20764.689453 
20832.771484 
20828.177734 
20835.119141 
20824.882812 
20831.511719 
20833.757812 
20829.439453 
20829.267578 
20828.824219 
20830.888672 
20827.714844 
15744.052734 
13949.164062 
14068.465820 
14202.916016 
13952.365234 
14069.052734 
14182.263672 
20681.433594 
17411.761719 
17416.011719 
20690.359375 
17413.808594 
15731.384766 
20690.636719 
20696.599609 
20697.783203 
20693.126953 
18865.984375 
19974.031250 
19998.927734 
20001.003906 
19999.503906 
20000.730469 
19995.199219 
20159.912109 
20402.708984 
20008.244141 
19994.630859 
20598.771484 
20800.421875 
19070.136719 
18647.408203 
13956.856445 
14194.125000 
14425.995117 
14064.279297 
20829.351562 
20827.466797 
20827.228516 
20833.292969 
20830.722656 
20831.410156 
20832.390625 
20829.410156 
20830.648438 
20829.689453 
20830.523438 
20826.603516 
15687.106445 
14088.908203 
14041.875000 
14069.990234 
17370.945312 
15516.144531 
19971.867188 
19998.386719 
20000.742188 
19999.013672 
20000.699219 
19994.923828 
20171.642578 
20626.027344 
20006.478516 
19993.230469 
20411.763672 
20826.917969 
15667.598633 
15459.338867 
13953.916016 
13958.168945 
13956.309570 
13955.505859 
17465.117188 
19165.529297 
19154.535156 
20780.683594 
19170.289062 
20781.488281 
20808.507812 
20822.902344 
20836.777344 
20829.861328 
20828.050781 
20616.720703 
19973.089844 
19998.804688 
20000.767578 
19999.285156 
20000.931641 
19995.417969 
19947.160156 
19973.757812 
20007.205078 
19993.355469 
20017.951172 
18537.490234 
20768.806641 
20822.398438 
20817.761719 
20816.068359 
20822.015625 
20821.734375 
20817.398438 
20820.724609 
20820.574219 
20820.787109 
20819.351562 
20817.160156 
20748.058594 
15707.554688 
15744.694336 
15701.873047 
15688.707031 
14099.015625 
20793.003906 
20852.525391 
20852.917969 
20849.808594 
20851.964844 
20849.687500 
20827.464844 
20820.244141 
20818.861328 
20818.820312 
20819.371094 
20820.417969 
20828.406250 
20832.009766 
20831.271484 
20831.294922 
20830.675781 
20614.367188 
19970.107422 
19998.660156 
20000.695312 
19999.089844 
20000.681641 
19994.933594 
19951.197266 
19974.386719 
20007.298828 
19992.742188 
18512.453125 
20193.431641 
20787.708984 
20841.810547 
20841.335938 
20844.429688 
20839.843750 
20616.273438 
19966.244141 
19998.593750 
20000.800781 
19998.876953 
20000.792969 
19994.769531 
19955.230469 
19972.171875 
20007.416016 
19991.583984 
20024.369141 
20009.523438 
20826.994141 
20862.753906 
20867.224609 
20854.740234 
20857.759766 
20856.554688 
20746.560547 
19016.136719 
17348.238281 
19027.384766 
20687.541016 
17370.570312 
14013.295898 
14044.207031 
13985.373047 
14027.037109 
14038.055664 
15104.775391 
19968.626953 
19998.472656 
20001.000000 
19999.046875 
20000.953125 
19995.369141 
20184.382812 
20631.054688 
20007.562500 
20202.509766 
20840.505859 
20839.695312 
20803.367188 
20788.562500 
20793.056641 
20793.554688 
20789.357422 
20790.902344 
20826.927734 
20855.371094 
20850.914062 
20849.962891 
20849.943359 
20848.244141 
20837.296875 
20829.722656 
20830.548828 
20829.798828 
20829.783203 
20613.316406 
19967.773438 
19998.910156 
20000.753906 
19998.896484 
20000.714844 
19995.617188 
20172.138672 
20572.992188 
20008.023438 
19991.134766 
20569.421875 
20756.755859 
20708.574219 
19031.675781 
17374.441406 
20702.355469 
20682.691406 
20705.333984 
20788.097656 
20832.558594 
20829.025391 
20832.476562 
20827.103516 
20614.000000 
19939.943359 
19998.517578 
20000.144531 
19998.359375 
20000.742188 
19994.839844 
20156.576172 
20671.798828 
20008.042969 
19989.152344 
20674.531250 
20668.951172 
20653.960938 
20650.728516 
20648.802734 
20646.507812 
20647.375000 
20657.107422 
20793.865234 
20819.656250 
20818.607422 
20819.236328 
20821.421875 
20816.421875 
20684.964844 
20654.947266 
20647.878906 
20647.876953 
20647.375000 
20649.414062 
20665.500000 
19028.216797 
17393.660156 
20671.582031 
20665.958984 
20675.074219 
20802.119141 
20839.904297 
20840.687500 
20842.980469 
20838.947266 
20836.322266 
20721.945312 
20689.058594 
20693.998047 
20691.730469 
20690.203125 
20696.531250 
20783.750000 
20823.035156 
20818.128906 
20816.335938 
20821.957031 
20817.677734 
20727.542969 
20684.996094 
20691.156250 
20692.849609 
20690.773438 
20696.773438 
20788.839844 
20833.525391 
20830.625000 
20831.800781 
20827.746094 
20619.505859 
20092.066406 
20142.851562 
20138.761719 
20140.222656 
20140.632812 
20141.867188 
20074.628906 
20013.695312 
20021.746094 
20021.148438 
20020.914062 
20016.621094 
19994.451172 
20070.343750 
20018.291016 
19993.890625 
20242.144531 
20929.277344 
18724.150391 
16149.509766 
20723.425781 
14870.857422 
20960.708984