Deux sources, orienté dans le vide (équidistant)				1604 FREQ
																1207 RECU

																
2014-05-07 14:34:42.518 RealTimeRecord[162:480b] INIT /**/**/**/ : Qutuuuxzzzzzsqlegh_cbdeS  !!! 8::;::!     /11111!    2Wiiilmmmmmdaaaaafifgggfeeeee^``nuuuuuttttttliiiiV     7::::9"     """"""1hhhhquttttttttttqppop<;::::10./////////G-sssspooooouuuuuufeddddffffffhiiiih1.-../19cccciooonomlmmm6/////+-\iiijllmmmcaaaaaffiffhfeffeeuqrs]-/////556766877777545555333333111111676676788888766666-/-/..GjjjjjopppppiggggT!"""""*,,,,,"     ttttgeeeeetxxxxxutttt^!     8:::::( !"'!""""5BBBBB?oooooonnljjttusrrqr\,,,,,,"     SbbbbbgiiiiifeeeeemnnnnnuuvwuvfeeeeemnnnnntutvuufeeeeR      _ssssstuuuuusrrrr\      LSSSSSkooooouttvuuonmnnnfddddcEFFFFF_iiiiZ-....."     @CCCCC\eeeeecccccchiiiiV      Seeeeeqsssssttttt^      4uuuuuonnnnngeeeeR      Fmmmmmfeeeeeqssssssssssscaaaaaehghgge# !   c!!       !"tt55hesssstuttt_!     Kpppppooooootuuuuurrqrr`"      5_!`     It3!tdaaaaafjihiiklmlllllllllgeeeeR      sss_tttttscaaaabinnnnnfdedddaaaaaamrrrrrttttt]      VeeeeekonnnX     !&2nZZnooooonnmmmmeabbbcgeeeeS      7dddddeeeeeT!    !'@c/ cbaaaabdaaaabccccccgeeeeejdeeee/.....!!! "GLLLLK*''''(.LoooodbbbbbhjjjjjdeeeeeccccccrttttiiiiiifffffS  !  "G1e1 B4sst&    !!       .c   eeeS        TfeeeessssssrbaaaaaehgghgfeeeeR     4   aaaaaakeeeeeR     2  baaaaa     #         '!        '    vvu      '         '    Befd     & R/ccbaaaaabaaaaabcccce,.....%"""""$"!N}}

2014-05-07 14:34:42.560 RealTimeRecord[162:480b] RES /**/**/**/ : uz !: 1 imafge`uti : "http://soudfi.com/ilmaff/567531686.jpg", text :!"Bojtr, bienuentue sur SotundFi. Ceci est une messag ! t5st pour  taille standart en nombe de caacee.!L'objectif 1s   e  esage  ae a     v    caac."


19365.681641 
19392.691406 
19392.347656 
19397.414062 
19408.339844 
19404.091797 
19399.996094 
19399.220703 
19398.142578 
19397.994141 
19397.335938 
19397.945312 
19397.925781 
19397.701172 
19397.578125 
19397.574219 
19397.539062 
19397.509766 
19397.539062 
19397.527344 
19397.482422 
19397.500000 
19397.564453 
19397.605469 
19397.574219 
19397.537109 
19397.574219 
19397.416016 
19397.447266 
19397.277344 
19397.242188 
19397.179688 
19397.080078 
19397.093750 
19396.958984 
19397.000000 
19389.226562 
19370.031250 
19356.812500 
19396.359375 
19399.642578 
19403.716797 
19390.136719 
20488.386719 
20850.398438 
20843.781250 
20847.832031 
20848.509766 
20846.263672 
20883.433594 
20896.667969 
20898.515625 
20897.345703 
20895.605469 
20895.894531 
20827.378906 
20805.994141 
20757.148438 
20694.371094 
20706.353516 
20721.785156 
20630.769531 
20674.771484 
20658.552734 
20675.380859 
20694.337891 
20509.910156 
20001.097656 
20003.039062 
20008.800781 
20006.847656 
20011.947266 
20003.384766 
20242.406250 
20261.398438 
20263.203125 
20268.671875 
20261.849609 
20257.152344 
20012.644531 
19997.572266 
19997.830078 
19997.968750 
19998.539062 
20001.451172 
20151.822266 
20173.816406 
20171.207031 
20174.242188 
20170.320312 
20167.894531 
20013.785156 
19996.429688 
19999.457031 
19998.035156 
19999.617188 
19994.703125 
19966.210938 
20176.882812 
20550.996094 
20732.539062 
20729.802734 
20732.171875 
20757.705078 
20767.568359 
20770.320312 
20773.197266 
20772.554688 
20768.382812 
20680.703125 
20648.066406 
20651.421875 
20646.976562 
20650.773438 
20651.056641 
20695.066406 
20725.091797 
20702.857422 
20713.335938 
20708.703125 
20711.125000 
20695.423828 
20688.410156 
20691.673828 
20693.173828 
20689.675781 
20687.144531 
20617.634766 
20635.574219 
20639.585938 
18954.931641 
13895.410156 
17203.857422 
20780.333984 
20847.173828 
20846.443359 
20852.765625 
20853.779297 
20848.732422 
20843.347656 
20841.517578 
20840.457031 
20840.515625 
20840.853516 
20838.373047 
20756.806641 
20728.875000 
20731.988281 
20731.742188 
20731.111328 
20544.933594 
19994.654297 
19997.136719 
20001.160156 
19999.328125 
19999.880859 
20001.052734 
20225.837891 
20261.945312 
20260.914062 
20259.294922 
20260.556641 
20253.031250 
20018.927734 
19998.201172 
20000.460938 
19999.609375 
19999.873047 
20000.277344 
20015.955078 
20024.144531 
20022.082031 
20021.802734 
20019.468750 
20015.046875 
19918.181641 
20174.164062 
20722.228516 
20719.832031 
20721.640625 
20721.519531 
20811.763672 
20847.429688 
20836.152344 
20840.523438 
20843.697266 
20838.859375 
20840.445312 
20840.369141 
20840.367188 
20840.007812 
20840.449219 
20838.876953 
20812.054688 
20798.796875 
20795.478516 
20794.330078 
20804.519531 
19607.582031 
20281.402344 
20265.375000 
20261.320312 
20259.679688 
20261.421875 
20259.753906 
20170.070312 
20157.001953 
20143.861328 
20149.425781 
20153.406250 
20147.025391 
20150.357422 
20150.886719 
20149.941406 
20149.908203 
20150.193359 
20153.986328 
20393.972656 
20131.089844 
20830.105469 
20830.429688 
20827.855469 
20830.396484 
20796.171875 
20785.167969 
20789.691406 
20791.570312 
20789.117188 
20789.757812 
20847.863281 
20846.066406 
20846.914062 
20854.333984 
20847.789062 
20846.132812 
20701.724609 
20686.382812 
20679.498047 
20681.208984 
20679.818359 
20679.218750 
20695.525391 
20701.593750 
20702.402344 
20700.527344 
20699.845703 
20700.080078 
20719.589844 
20728.011719 
20729.800781 
20733.308594 
20732.707031 
20720.345703 
20173.171875 
20142.869141 
20132.365234 
20141.400391 
20143.384766 
20148.279297 
20167.712891 
20254.625000 
20673.414062 
20672.695312 
20669.175781 
20674.494141 
20727.699219 
20794.400391 
20793.554688 
20791.171875 
20784.037109 
20791.949219 
20774.394531 
20764.816406 
20769.615234 
20767.972656 
20771.031250 
19497.707031 
20218.425781 
20145.972656 
20148.542969 
20150.308594 
20149.388672 
20148.777344 
20110.179688 
20133.509766 
20601.576172 
20730.457031 
20729.251953 
20733.539062 
20741.593750 
20762.089844 
20763.257812 
20768.000000 
20772.261719 
20767.974609 
19028.472656 
20673.328125 
20645.042969 
20647.164062 
20652.714844 
20653.271484 
20646.828125 
20695.199219 
20704.335938 
20727.812500 
20698.679688 
20701.476562 
20721.589844 
20700.248047 
20693.789062 
20695.318359 
20696.292969 
20689.753906 
20694.343750 
20847.050781 
20814.468750 
20823.878906 
20834.796875 
20606.683594 
20129.224609 
20145.544922 
20152.617188 
20148.898438 
20149.080078 
20149.382812 
20211.513672 
20206.103516 
20215.984375 
20229.828125 
20217.314453 
20220.769531 
20238.640625 
20227.421875 
20234.185547 
20231.451172 
20230.230469 
20230.408203 
20207.171875 
20201.708984 
20206.158203 
20209.175781 
20210.406250 
20208.882812 
20188.287109 
20192.566406 
20192.429688 
20189.107422 
20188.220703 
20190.398438 
20173.203125 
20171.701172 
20167.515625 
20168.234375 
20171.140625 
20171.080078 
20222.767578 
20232.710938 
20223.453125 
20217.078125 
20225.394531 
20222.777344 
20234.349609 
20236.201172 
20238.787109 
20238.070312 
20238.921875 
20239.468750 
20225.613281 
20220.730469 
20220.265625 
20220.255859 
20219.960938 
20217.730469 
20128.462891 
20150.074219 
20131.222656 
20146.996094 
20137.105469 
20138.621094 
20387.003906 
20741.253906 
20740.425781 
20740.115234 
20739.332031 
20739.648438 
20785.166016 
20798.699219 
20797.250000 
20800.082031 
20800.699219 
20796.906250 
20730.515625 
20706.029297 
20708.789062 
20708.933594 
20709.285156 
20519.359375 
20014.675781 
20017.357422 
20018.511719 
20020.875000 
20020.464844 
20021.210938 
20102.818359 
20115.357422 
20118.931641 
20121.240234 
20119.062500 
20117.509766 
20024.156250 
19995.712891 
20000.396484 
19998.513672 
19999.187500 
19998.533203 
19977.289062 
19975.658203 
20840.460938 
20840.189453 
20840.125000 
20836.552734 
20713.009766 
20688.791016 
20691.267578 
20690.195312 
20690.906250 
20692.966797 
20837.826172 
20883.007812 
20878.164062 
20879.871094 
20878.765625 
20879.634766 
20849.167969 
20839.562500 
20838.058594 
20839.964844 
20840.347656 
20622.558594 
20005.542969 
19995.123047 
19998.636719 
19996.175781 
19999.617188 
20002.464844 
20236.093750 
20260.177734 
20258.410156 
20259.908203 
20260.488281 
20258.882812 
20075.652344 
19983.113281 
20000.898438 
19989.615234 
20006.574219 
20016.095703 
20071.882812 
20011.783203 
20018.083984 
20019.181641 
20023.316406 
20021.679688 
20209.208984 
20337.523438 
20338.791016 
20339.273438 
20337.585938 
20337.828125 
20311.023438 
20786.650391 
20790.300781 
20792.306641 
20790.191406 
20794.199219 
20789.183594 
20784.488281 
20784.714844 
15950.728516 
14347.012695 
14335.481445 
20760.646484 
17492.130859 
17478.339844 
20744.980469 
20740.328125 
19111.462891 
14370.031250 
15963.737305 
14389.823242 
14366.394531 
14364.185547 
14367.599609 
17660.980469 
20835.367188 
20840.169922 
14547.686523 
19272.419922 
20845.562500 
20828.378906 
20823.642578 
20820.798828 
20814.787109 
20818.173828 
20603.988281 
20119.763672 
20120.810547 
20120.982422 
20120.685547 
20120.078125 
20117.947266 
20024.683594 
20001.205078 
19999.855469 
20002.255859 
19997.492188 
20000.179688 
20508.492188 
20657.707031 
20662.777344 
20660.410156 
20660.472656 
20661.613281 
20714.775391 
20730.482422 
20729.812500 
20733.435547 
20729.398438 
20730.908203 
20697.304688 
20691.802734 
20690.949219 
20690.419922 
20689.292969 
20690.861328 
20765.367188 
20780.890625 
20779.351562 
20780.652344 
20780.546875 
20781.722656 
20853.453125 
20854.664062 
20856.726562 
20865.435547 
20854.621094 
20860.226562 
20703.326172 
20689.345703 
20688.453125 
20690.222656 
20690.712891 
20690.390625 
20765.708984 
20783.705078 
20778.871094 
20778.660156 
20780.539062 
20784.087891 
20840.125000 
20851.867188 
20838.699219 
20857.253906 
20851.015625 
20846.443359 
20700.771484 
20694.199219 
20689.457031 
20690.736328 
20690.453125 
20502.152344 
19998.599609 
20001.468750 
20000.970703 
20000.210938 
19999.212891 
19999.085938 
20634.289062 
20831.300781 
20830.478516 
20828.949219 
20828.501953 
20830.437500 
20844.185547 
20850.117188 
20852.802734 
20851.103516 
20849.765625 
20850.353516 
20827.365234 
20822.119141 
20821.576172 
20820.921875 
20820.521484 
20597.775391 
19997.261719 
20001.552734 
20000.613281 
20000.156250 
19998.593750 
19999.550781 
20439.248047 
20506.447266 
20511.777344 
20509.583984 
20510.082031 
20507.191406 
20750.234375 
20792.242188 
20788.890625 
20788.812500 
20788.160156 
20789.957031 
20854.304688 
20841.701172 
20843.271484 
20858.867188 
20847.759766 
20849.550781 
20790.097656 
20784.441406 
20774.033203 
20780.246094 
20779.380859 
20778.958984 
20698.949219 
20679.203125 
20680.996094 
20683.523438 
20678.386719 
20674.632812 
20368.863281 
20380.121094 
20381.623047 
20380.664062 
20380.628906 
20377.503906 
20629.013672 
20728.097656 
20730.251953 
20733.695312 
20729.322266 
20584.677734 
20134.082031 
20140.941406 
20140.996094 
20140.531250 
20141.003906 
20136.500000 
20020.847656 
19999.974609 
20002.269531 
19999.210938 
19998.384766 
19999.421875 
20315.158203 
20351.039062 
20350.375000 
20350.529297 
20350.962891 
20349.917969 
20599.089844 
20691.394531 
20690.142578 
20690.666016 
20688.638672 
20689.902344 
20673.578125 
20670.101562 
20670.136719 
20670.480469 
20670.824219 
20671.449219 
20719.246094 
20727.650391 
20733.664062 
20729.271484 
20730.730469 
20536.392578 
19999.847656 
19999.521484 
20000.082031 
20000.185547 
19998.869141 
19998.796875 
20509.185547 
20691.964844 
20689.740234 
20691.177734 
20689.617188 
20690.765625 
20805.785156 
20830.164062 
20830.941406 
20829.664062 
20828.781250 
20830.398438 
20838.638672 
20840.542969 
20840.000000 
20840.039062 
20839.929688 
20617.261719 
19997.960938 
19998.640625 
20000.300781 
20000.132812 
19999.291016 
19998.714844 
20195.599609 
20852.921875 
20848.640625 
20850.156250 
20851.396484 
20848.718750 
20792.375000 
20782.316406 
20776.529297 
20782.144531 
20780.179688 
20778.640625 
20710.927734 
20688.853516 
20690.123047 
20690.640625 
20689.128906 
20503.818359 
20001.015625 
20000.193359 
19999.437500 
20000.503906 
19999.890625 
19999.431641 
20382.314453 
20769.648438 
20770.625000 
20770.763672 
20771.480469 
20772.056641 
20702.830078 
20691.125000 
20687.884766 
20692.794922 
20688.507812 
20691.537109 
20809.318359 
20830.167969 
20827.710938 
20831.906250 
20830.322266 
20829.869141 
20830.890625 
20831.617188 
20830.353516 
20829.824219 
20830.423828 
20827.046875 
20674.191406 
20652.949219 
20653.255859 
20649.277344 
20649.414062 
20651.355469 
20693.527344 
20723.570312 
20707.136719 
20717.507812 
20713.687500 
20711.738281 
20691.029297 
19043.021484 
17356.601562 
17376.283203 
17348.621094 
15719.577148 
20028.785156 
19997.826172 
20006.046875 
19997.173828 
19999.023438 
20000.804688 
20672.326172 
20005.470703 
15524.345703 
18485.279297 
20005.298828 
20003.515625 
14053.037109 
14058.875000 
14065.608398 
14071.252930 
14064.851562 
15499.001953 
19998.751953 
19998.818359 
20002.470703 
19998.339844 
19999.388672 
19999.164062 
20009.421875 
20017.400391 
20836.734375 
20838.619141 
20211.425781 
20213.304688 
20717.712891 
20688.191406 
14058.446289 
14059.420898 
14054.340820 
14056.581055 
19171.757812 
17655.072266 
20833.773438 
20829.646484 
20830.798828 
20829.345703 
20840.005859 
20845.175781 
20842.984375 
20842.734375 
20841.677734 
20625.203125 
20012.671875 
20000.308594 
19999.988281 
19999.339844 
19999.687500 
20002.083984 
20432.339844 
20800.082031 
20800.105469 
20801.976562 
20800.349609 
20799.929688 
20792.337891 
20790.904297 
20790.656250 
20790.027344 
20789.617188 
20791.003906 
20835.222656 
20854.099609 
20851.824219 
20847.500000 
20850.835938 
20846.437500 
20822.914062 
20816.533203 
20814.025391 
20816.298828 
20818.667969 
20637.457031 
20018.224609 
20003.429688 
20002.378906 
20000.013672 
20002.017578 
20002.414062 
20002.099609 
20206.476562 
20631.156250 
19959.789062 
20009.570312 
20643.289062 
15955.853516 
14338.389648 
14340.640625 
14343.708984 
14342.093750 
14332.375000 
15738.835938 
17377.937500 
14077.484375 
14067.553711 
14049.829102 
14082.987305 
19987.382812 
19998.777344 
20000.304688 
19998.279297 
20001.248047 
20000.199219 
19988.402344 
20413.226562 
20835.025391 
20190.417969 
20010.406250 
20837.882812 
20679.675781 
20654.130859 
20651.277344 
20650.519531 
20647.378906 
20650.773438 
20701.732422 
20739.777344 
20733.792969 
20724.201172 
20728.042969 
20730.417969 
20753.062500 
20756.873047 
20765.931641 
20759.197266 
20759.398438 
20757.148438 
20757.921875 
20759.726562 
20759.949219 
20760.533203 
20760.289062 
20760.097656 
20706.867188 
20686.271484 
20690.886719 
20689.046875 
20688.072266 
20503.623047 
19992.058594 
19999.675781 
20000.152344 
19999.617188 
20000.519531 
19998.939453 
19987.851562 
20002.816406 
20831.199219 
20828.513672 
20829.630859 
20626.003906 
20839.595703 
20840.279297 
20839.853516 
20840.644531 
20840.023438 
20832.314453 
20672.177734 
20650.031250 
20646.621094 
20649.845703 
20649.021484 
20655.226562 
20732.787109 
20779.648438 
20776.632812 
20776.712891 
20780.412109 
20778.316406 
20701.037109 
20676.957031 
20686.078125 
20679.261719 
20678.318359 
20677.601562 
20650.945312 
20645.775391 
20652.351562 
20651.130859 
20648.843750 
20652.599609 
20773.416016 
20817.312500 
20822.056641 
20819.695312 
20822.125000 
20820.503906 
20839.085938 
20843.507812 
20840.082031 
20841.435547 
20840.638672 
20614.457031 
19999.353516 
19999.462891 
20001.882812 
19997.636719 
19999.365234 
20001.505859 
20537.175781 
20691.460938 
20689.564453 
20689.031250 
20690.011719 
20691.300781 
20752.693359 
20787.068359 
20777.898438 
20782.867188 
20780.250000 
20564.738281 
20003.744141 
20001.847656 
20002.451172 
19997.699219 
19999.542969 
20014.273438 
20056.445312 
20175.914062 
20779.886719 
20582.816406 
19993.255859 
20583.324219 
20784.671875 
20788.113281 
20789.968750 
20790.462891 
20790.835938 
20789.875000 
20779.841797 
20775.201172 
20772.296875 
20770.757812 
20770.093750 
20769.949219 
20694.378906 
20654.830078 
20664.574219 
20662.310547 
20659.734375 
20666.675781 
19173.751953 
19215.205078 
14465.269531 
14461.738281 
14460.286133 
16052.238281 
20712.470703 
20689.365234 
20686.312500 
20689.892578 
20691.472656 
20510.394531 
20004.628906 
20003.187500 
20000.593750 
19996.359375 
20000.341797 
20003.109375 
20230.955078 
20680.000000 
20678.136719 
20678.472656 
20679.046875 
20680.193359 
20686.710938 
20689.414062 
20691.500000 
20691.257812 
20690.769531 
20519.361328 
20007.146484 
20004.500000 
20002.115234 
19996.544922 
20000.855469 
20006.416016 
20067.357422 
20323.113281 
20670.785156 
20149.107422 
19996.349609 
20665.970703 
20658.068359 
20654.294922 
20654.695312 
20651.554688 
20648.464844 
20657.755859 
19154.490234 
17580.214844 
14461.277344 
14462.294922 
14464.733398 
14460.094727 
20683.312500 
20650.191406 
20654.550781 
20652.623047 
20652.773438 
20655.279297 
20670.173828 
20665.566406 
20666.708984 
20667.857422 
20669.675781 
20671.548828 
17610.414062 
14520.646484 
14525.218750 
14524.625000 
14525.188477 
14521.208984 
20713.203125 
20685.382812 
20690.945312 
20690.355469 
20690.570312 
20690.291016 
16017.501953 
14461.183594 
14462.725586 
14458.372070 
14462.677734 
14463.739258 
20739.480469 
20683.015625 
20690.628906 
20689.343750 
20689.453125 
20689.728516 
17612.630859 
17650.199219 
14491.111328 
14496.992188 
16074.654297 
12298.018555 
20150.048828 
20135.628906 
20138.996094 
20140.929688 
20139.494141 
20135.152344 
20014.560547 
20007.072266 
20007.894531 
19994.250000 
19999.269531 
20017.390625 
20394.554688 
20439.529297 
20437.792969 
20439.968750 
20439.507812 
20432.695312 
20103.050781 
20074.509766 
20069.501953 
20070.839844 
20068.138672 
20081.333984 
20143.406250 
20439.843750 
20786.472656 
20789.203125 
20790.140625 
20786.115234 
20682.625000 
20662.371094 
20660.464844 
20660.429688 
20661.781250 
20662.181641 
20715.705078 
20744.863281 
20739.693359 
20740.005859 
20741.685547 
20740.242188 
20683.402344 
20691.697266 
20691.521484 
20690.664062 
20688.626953 
20689.277344 
20674.833984 
20673.082031 
20671.259766 
20671.933594 
20670.400391 
20670.734375 
20824.572266 
19258.671875 
20838.164062 
20838.560547 
20838.062500 
20835.291016 
20731.474609 
20733.404297 
20725.845703 
20730.832031 
20730.238281 
20728.832031 
20698.269531 
20701.429688 
20701.726562 
20700.921875 
20701.353516 
20513.640625 
19995.667969 
20000.433594 
20005.203125 
19998.796875 
20001.410156 
20021.167969 
20387.988281 
20167.105469 
20689.103516 
20166.183594 
19998.667969 
20341.582031 
20204.103516 
17647.775391 
19250.550781 
20828.613281 
13685.302734 
20834.373047 
20838.257812 
17679.113281 
16098.412109 
14523.835938 
14525.128906 
15900.062500 
20060.955078 
20003.037109 
19997.626953 
19997.320312 
20000.488281 
20005.185547 
20012.429688 
19992.666016 
18628.449219 
19987.439453 
20001.941406 
20003.585938 
18639.373047 
14549.677734 
14553.438477 
14556.434570 
14557.956055 
14550.029297 
17614.646484 
10590.058594 
14041.785156 
14047.080078 
14064.505859 
11992.324219 
19994.890625 
20000.828125 
19998.556641 
19999.644531 
20001.117188 
19998.933594 
20135.630859 
20673.865234 
19020.191406 
19962.835938 
20001.941406 
20000.417969 
20001.873047 
19026.128906 
20689.390625 
20686.796875 
20688.062500 
20505.712891 
19991.408203 
20000.257812 
19998.910156 
19999.941406 
20000.917969 
19997.890625 
19926.796875 
19997.847656 
19978.367188 
19963.671875 
19999.904297 
19997.609375 
20520.298828 
20697.007812 
20688.931641 
20693.486328 
20689.181641 
20689.285156 
16050.715820 
17649.955078 
14489.551758 
17658.527344 
19244.035156 
20831.720703 
20827.832031 
20829.189453 
20829.988281 
20829.945312 
20829.724609 
20821.851562 
20658.087891 
20649.818359 
20649.335938 
20650.681641 
20650.941406 
20652.431641 
20691.175781 
20724.787109 
20706.416016 
20705.494141 
20715.640625 
20708.496094 
20695.314453 
20689.351562 
20690.210938 
20690.310547 
20691.074219 
20500.873047 
19991.537109 
20000.585938 
19999.845703 
20000.078125 
20001.029297 
19998.222656 
20202.251953 
20004.121094 
19985.822266 
19975.839844 
20000.738281 
19996.455078 
20649.107422 
20648.593750 
20650.062500 
20650.667969 
20650.505859 
20652.933594 
20753.718750 
17656.193359 
19236.666016 
19242.455078 
17653.552734 
17658.640625 
16080.638672 
16076.756836 
14491.949219 
14493.013672 
14493.746094 
14489.261719 
20685.082031 
20694.292969 
20690.339844 
20692.125000 
20690.277344 
20501.568359 
19992.888672 
20001.238281 
19999.960938 
19999.386719 
20000.457031 
19998.248047 
18634.861328 
18641.443359 
17451.529297 
20184.750000 
20000.960938 
19998.304688 
20662.628906 
20648.257812 
20649.769531 
20651.304688 
20651.330078 
20654.164062 
17526.607422 
14342.389648 
14342.669922 
14347.314453 
14344.007812 
14347.119141 
17626.794922 
14486.493164 
14491.955078 
14497.046875 
14495.549805 
13636.785156 
19991.492188 
20001.843750 
19999.904297 
19999.388672 
20000.568359 
19999.386719 
20034.074219 
18846.357422 
19018.777344 
19969.841797 
19999.365234 
19999.154297 
20001.554688 
15848.336914 
14460.963867 
14461.142578 
14467.146484 
14456.928711 
14465.533203 
14457.786133 
14468.491211 
14460.994141 
14457.884766 
14463.614258 
14063.242188 
14065.300781 
14068.889648 
14075.174805 
14062.886719 
14053.569336 
14502.736328 
14555.544922 
14549.118164 
14551.490234 
14546.955078 
14549.490234 
14497.687500 
14463.387695 
14467.446289 
14456.441406 
14471.710938 
14458.197266 
14483.722656 
14493.138672 
14492.191406 
14494.279297 
14491.500000 
14503.708984 
19999.328125 
20003.832031 
20000.568359 
19999.371094 
20000.742188 
20003.207031 
20070.109375 
20006.894531 
19994.111328 
19969.128906 
19999.296875 
19998.148438 
19994.396484 
14517.268555 
14522.441406 
14524.719727 
14520.421875 
15858.500000 
19999.683594 
20003.337891 
20001.328125 
19999.968750 
20000.361328 
20002.738281 
20069.408203 
20004.693359 
19996.267578 
19969.941406 
19999.982422 
19999.158203 
19991.650391 
18846.255859 
17715.210938 
20860.291016 
20856.148438 
20854.710938 
17314.550781 
14052.833984 
14059.659180 
15717.193359 
17375.472656 
19019.298828 
19017.955078 
15677.414062 
14021.863281 
14021.587891 
14020.271484 
15497.443359 
19996.986328 
20003.027344 
20001.310547 
20000.423828 
20000.476562 
20001.494141 
20068.953125 
20003.505859 
19996.767578 
19973.695312 
19999.685547 
19995.623047 
19992.214844 
17184.310547 
14371.891602 
14371.166992 
14375.751953 
14374.014648 
14501.797852 
14546.841797 
14550.184570 
14557.373047 
16121.315430 
14546.572266 
14513.679688 
14499.057617 
14489.897461 
14499.592773 
14488.889648 
15812.421875 
19993.572266 
20004.085938 
20002.650391 
19998.705078 
20000.558594 
20001.617188 
20066.796875 
20001.074219 
20001.585938 
19977.291016 
19997.535156 
19995.406250 
20336.613281 
17346.685547 
20685.183594 
20699.894531 
19019.773438 
20684.916016 
14426.274414 
14491.669922 
14494.147461 
14491.389648 
14492.707031 
15819.052734 
19987.572266 
20003.404297 
20003.265625 
19997.669922 
20000.720703 
19999.458984 
20057.339844 
19999.234375 
20500.748047 
20150.218750 
20668.773438 
20671.082031 
20657.953125 
20653.054688 
20652.789062 
20652.244141 
20651.304688 
20650.601562 
17585.943359 
17632.382812 
14467.624023 
14460.882812 
14467.208008 
14456.583984 
20664.472656 
20646.343750 
20653.279297 
20647.757812 
20652.136719 
20650.996094 
20662.423828 
20666.197266 
20672.230469 
20673.406250 
20673.376953 
19005.158203 
19242.628906 
17677.714844 
14519.383789 
14520.425781 
14527.462891 
14520.013672 
20691.802734 
14059.910156 
14055.453125 
14049.362305 
15671.832031 
17338.068359 
14434.573242 
14467.292969 
14464.252930 
14457.410156 
14466.261719 
14467.584961 
19028.162109 
14066.014648 
14054.779297 
14069.377930 
14049.918945 
15695.849609 
14444.647461 
14491.228516 
14493.342773 
14492.079102 
14491.173828 
12286.010742 
20124.279297 
20137.859375 
20140.931641 
20141.179688 
20141.675781 
20142.105469 
20050.634766 
20021.695312 
20022.546875 
20022.318359 
20021.644531 
20016.187500 
20043.068359 
20016.835938 
20009.140625 
20463.767578 
20929.937500 
20929.238281 
20953.500000 
20957.207031 