Deux sources, orienté vers une source (équidistant)			FREQ = 1604
															1563 RECU

															
2014-05-07 14:35:41.191 RealTimeRecord[162:480b] INIT /**/**/**/ : U0xtttttvyyyyyvpppppleeeee/     *:::::-     '11111)     )iiiiikmmmmmhaaaaadgggggfeeeeeb_____guuuuuutttttoiiiii1     +:::::-     !"""""(hhhhhltttttttttttspppppF:::::6///////////?sssssqoooooquuuuundddddefffffgiiiii=.....:ccccchooooonmmmmm>/////=iiiiikmmmmmhaaaaachggggfeeeeejsssss?/////2766667777776555554333332111113666667888887666663.....<jjjjjlppppplggggg1"""""&,,,,,'     7tttttneeeeekxxxxxwttttt3     *:::::-     !"""""0BBBBBSoooooonnnnnljjjjjloooooquuuuutrrrrr;,,,,,'     <bbbbbeiiiiiheeeeehnnnnnqvvvvvoeeeeehnnnnnpuuuuuneeeee0     6ssssstuuuuutrrrrr3     3SSSSS\oooooquuuuusnnnnnjdddddSFFFFFSiiiii=.....(     .CCCCCNeeeeedccccceiiiii1     3eeeeejssssssttttt3     ,uuuuusnnnnnjeeeee0     5mmmmmjeeeeejssssssssssskaaaaacgggggfeeeee0     0ddddddeeeee/     3tttttmeeeeejssssssttttt3     3ppppppoooooquuuuutrrrrr3     4uuuuusnnnnnjeeeee0     4tttttlaaaaadiiiiijlllllllllllieeeee0     4sssssstttttlaaaaaennnnnjdddddcaaaaagrrrrrsttttt3     3eeeeehnnnnn2     ,nnnnnnooooonmmmmmibbbbbhrrrrrmeeeee0     (ddddddeeeee0     =cccccbaaaaagrrrrrkaaaaabcccccitttttmeeeeejrrrrrleeeeejsssss?.....(     2LLLLL;'''''<ooooojbbbbbejjjjjheeeeedcccccitttttoiiiiihfffff0     3eeeeejssssssttttt3     6qqqqqruuuuuneeeee0     2cccccdeeeee0     3mmmmmjeeeeejssssssssssskaaaaacgggggfeeeee0     4pppppjaaaaahsssssssssssmeeeee0     6ssssskaaaaafnnnnnpsssss3     3eeeeejrrrrrrrrrrrleeeeekuuuuutrrrrrrsssss3     3eeeeejttttt3     <aaaaaivvvvvneeeeedccccc/     7tttttroooooquuuuutsssss3     4lllllieeeeejsssss3     3cccccbaaaaahrrrrrkaaaaabcccccjtttttmeeeeejrrrrrleeeeejsssss?.....)"""""P}}}}}~

2014-05-07 14:35:41.241 RealTimeRecord[162:480b] RES /**/**/**/ : type : 1 image_uti : "http://soudfi.com/images/67531686.jpg", text : "Bonjour, bienvenue sur SoundFi. Ceci est une message de test pour une taille standart en nombre de caracteres. L'objectif est que ce message passe sans erreurs et avec tous les caracteres."}

19446.978516 
19391.498047 
19393.335938 
19382.685547 
19391.378906 
19383.191406 
19387.824219 
19384.541016 
19385.037109 
19387.671875 
19388.748047 
19389.535156 
19389.136719 
19389.523438 
19389.351562 
19389.617188 
19389.636719 
19389.589844 
19389.722656 
19389.708984 
19389.720703 
19389.832031 
19389.757812 
19389.910156 
19389.824219 
19389.863281 
19389.837891 
19389.796875 
19389.847656 
19389.697266 
19389.761719 
19389.708984 
19389.679688 
19389.771484 
19389.685547 
19389.851562 
19389.798828 
19408.261719 
19391.837891 
20533.621094 
19816.468750 
19376.121094 
20161.679688 
20884.414062 
20840.664062 
20840.007812 
20840.035156 
20839.513672 
20841.908203 
20855.787109 
20889.212891 
20894.369141 
20889.697266 
20889.087891 
20889.910156 
20859.642578 
20799.199219 
20802.523438 
20798.541016 
20800.500000 
20800.900391 
20755.121094 
20689.306641 
20692.402344 
20689.980469 
20689.677734 
20690.714844 
20152.634766 
20000.593750 
20001.394531 
20000.406250 
19999.324219 
20000.847656 
20100.517578 
20258.480469 
20258.921875 
20259.386719 
20259.507812 
20258.351562 
20130.246094 
19997.328125 
20000.423828 
19999.121094 
19999.507812 
20000.386719 
20069.007812 
20170.791016 
20168.300781 
20170.914062 
20170.365234 
20171.173828 
20087.423828 
19997.724609 
19999.937500 
20000.128906 
19999.789062 
20001.250000 
20088.513672 
20732.875000 
20730.000000 
20730.152344 
20729.304688 
20729.628906 
20745.011719 
20771.410156 
20771.222656 
20769.296875 
20770.146484 
20770.867188 
20717.574219 
20650.910156 
20648.287109 
20650.044922 
20651.285156 
20650.033203 
20675.187500 
20713.484375 
20708.525391 
20711.703125 
20709.593750 
20709.142578 
20703.275391 
20688.568359 
20688.638672 
20690.265625 
20689.740234 
20689.912109 
20664.906250 
20630.070312 
20631.953125 
20629.966797 
20629.843750 
20630.109375 
20711.210938 
20850.164062 
20850.107422 
20849.224609 
20847.953125 
20849.835938 
20847.238281 
20840.570312 
20840.273438 
20840.427734 
20839.998047 
20839.910156 
20792.755859 
20729.664062 
20728.619141 
20730.558594 
20729.562500 
20729.650391 
20166.210938 
20002.865234 
20000.082031 
19999.955078 
19999.205078 
20000.828125 
20106.183594 
20259.607422 
20259.484375 
20259.820312 
20259.613281 
20258.117188 
20134.628906 
19998.867188 
20001.431641 
19999.183594 
19999.402344 
20000.541016 
20009.505859 
20020.589844 
20020.074219 
20021.710938 
20021.896484 
20021.228516 
20079.962891 
20723.656250 
20720.871094 
20720.804688 
20720.058594 
20719.785156 
20760.136719 
20841.175781 
20840.728516 
20840.429688 
20840.191406 
20840.826172 
20839.449219 
20840.427734 
20840.458984 
20840.863281 
20840.884766 
20839.759766 
20826.099609 
20799.261719 
20798.394531 
20800.482422 
20801.609375 
20800.597656 
20377.669922 
20260.132812 
20260.306641 
20260.480469 
20260.767578 
20258.886719 
20219.410156 
20147.369141 
20150.050781 
20148.710938 
20152.326172 
20149.367188 
20148.855469 
20150.205078 
20149.656250 
20150.429688 
20149.943359 
20150.109375 
20308.283203 
20829.232422 
20829.843750 
20830.880859 
20830.900391 
20830.404297 
20814.470703 
20789.062500 
20790.515625 
20791.332031 
20790.185547 
20790.597656 
20811.662109 
20850.529297 
20852.917969 
20849.294922 
20848.791016 
20850.765625 
20777.890625 
20679.621094 
20680.052734 
20680.359375 
20679.798828 
20680.439453 
20688.603516 
20701.757812 
20700.291016 
20700.322266 
20700.761719 
20700.269531 
20712.722656 
20729.613281 
20729.660156 
20730.660156 
20730.447266 
20730.019531 
20286.296875 
20139.396484 
20139.376953 
20139.796875 
20139.623047 
20140.162109 
20263.890625 
20668.728516 
20668.531250 
20670.419922 
20669.501953 
20669.849609 
20716.966797 
20789.150391 
20789.892578 
20789.785156 
20790.294922 
20790.021484 
20782.611328 
20771.072266 
20769.179688 
20769.023438 
20770.187500 
20770.384766 
20296.597656 
20151.210938 
20148.697266 
20149.621094 
20149.333984 
20149.941406 
20287.554688 
20732.490234 
20729.646484 
20731.742188 
20730.431641 
20729.763672 
20747.166016 
20771.376953 
20771.730469 
20771.664062 
20771.160156 
20771.667969 
20718.746094 
20650.945312 
20650.394531 
20650.945312 
20652.263672 
20651.175781 
20672.226562 
20715.878906 
20709.914062 
20712.414062 
20711.910156 
20709.939453 
20704.664062 
20689.480469 
20690.130859 
20691.703125 
20691.453125 
20691.062500 
20743.050781 
20829.492188 
20830.621094 
20831.445312 
20831.333984 
20831.042969 
20309.027344 
20148.787109 
20149.544922 
20150.898438 
20150.500000 
20150.628906 
20176.611328 
20226.355469 
20220.238281 
20219.638672 
20221.587891 
20218.714844 
20225.396484 
20230.582031 
20230.363281 
20230.203125 
20230.343750 
20230.003906 
20222.546875 
20209.666016 
20210.126953 
20210.261719 
20210.417969 
20210.302734 
20202.707031 
20190.142578 
20191.425781 
20190.923828 
20190.681641 
20190.906250 
20182.564453 
20169.306641 
20170.214844 
20170.650391 
20171.078125 
20170.953125 
20189.363281 
20222.867188 
20221.931641 
20220.250000 
20219.771484 
20220.480469 
20228.632812 
20240.578125 
20240.771484 
20240.642578 
20240.619141 
20240.792969 
20233.265625 
20220.441406 
20219.722656 
20220.035156 
20220.437500 
20221.054688 
20190.648438 
20139.773438 
20139.625000 
20140.896484 
20140.011719 
20140.082031 
20276.199219 
20742.396484 
20740.097656 
20740.214844 
20740.835938 
20740.988281 
20760.429688 
20800.492188 
20800.441406 
20800.414062 
20799.765625 
20801.085938 
20763.937500 
20709.738281 
20712.380859 
20709.613281 
20710.808594 
20710.312500 
20169.451172 
20020.812500 
20021.781250 
20019.580078 
20021.279297 
20020.230469 
20063.285156 
20117.738281 
20121.597656 
20118.568359 
20121.865234 
20119.796875 
20070.541016 
19997.089844 
20002.064453 
20000.515625 
20000.468750 
20001.279297 
20232.013672 
20839.921875 
20840.650391 
20840.958984 
20840.794922 
20840.943359 
20776.097656 
20690.593750 
20691.710938 
20690.035156 
20691.054688 
20690.591797 
20754.703125 
20878.929688 
20881.539062 
20881.128906 
20881.632812 
20880.605469 
20866.566406 
20839.613281 
20838.492188 
20841.287109 
20842.109375 
20841.105469 
20193.318359 
19999.837891 
20002.398438 
20000.345703 
19999.257812 
20000.785156 
20099.414062 
20258.515625 
20259.894531 
20259.957031 
20259.898438 
20259.363281 
20134.214844 
19997.998047 
20002.511719 
19999.687500 
19999.519531 
20000.583984 
20009.199219 
20019.349609 
20019.097656 
20021.220703 
20020.802734 
20020.824219 
20159.585938 
20342.773438 
20340.855469 
20340.488281 
20339.906250 
20341.835938 
20512.390625 
20790.240234 
20791.154297 
20790.226562 
20791.208984 
20790.382812 
20786.871094 
20780.789062 
20780.832031 
20780.474609 
20780.349609 
20780.535156 
20763.332031 
20739.197266 
20739.435547 
20740.648438 
20740.486328 
20740.833984 
20757.072266 
20790.888672 
20790.312500 
20791.089844 
20789.773438 
20790.199219 
20811.740234 
20849.509766 
20852.226562 
20849.509766 
20849.068359 
20849.962891 
20840.039062 
20821.884766 
20820.619141 
20819.304688 
20819.097656 
20819.953125 
20267.269531 
20121.316406 
20119.951172 
20119.886719 
20120.759766 
20120.156250 
20069.169922 
19996.210938 
20001.416016 
19999.554688 
20000.396484 
20001.074219 
20283.162109 
20659.484375 
20658.998047 
20660.074219 
20660.214844 
20660.548828 
20687.179688 
20733.457031 
20728.460938 
20729.306641 
20731.341797 
20729.570312 
20716.050781 
20691.582031 
20691.083984 
20690.925781 
20689.917969 
20689.919922 
20722.824219 
20777.820312 
20782.478516 
20780.328125 
20780.724609 
20780.390625 
20809.101562 
20858.964844 
20861.382812 
20859.324219 
20859.332031 
20860.857422 
20786.164062 
20689.990234 
20691.380859 
20690.246094 
20690.476562 
20690.197266 
20722.789062 
20777.833984 
20782.003906 
20780.089844 
20780.740234 
20780.232422 
20804.921875 
20848.781250 
20851.550781 
20849.701172 
20849.246094 
20849.441406 
20783.015625 
20689.730469 
20691.259766 
20689.990234 
20690.443359 
20690.255859 
20158.359375 
19999.119141 
20001.902344 
20000.412109 
19999.662109 
20001.050781 
20222.294922 
20829.343750 
20829.892578 
20830.873047 
20830.958984 
20830.353516 
20837.207031 
20849.837891 
20849.115234 
20848.976562 
20849.548828 
20849.871094 
20840.222656 
20821.541016 
20820.496094 
20819.210938 
20819.378906 
20820.232422 
20189.314453 
20000.671875 
20002.285156 
20000.253906 
19999.222656 
20000.888672 
20193.253906 
20511.185547 
20510.580078 
20510.250000 
20511.726562 
20510.773438 
20601.455078 
20791.201172 
20790.505859 
20789.613281 
20790.828125 
20789.828125 
20810.681641 
20849.941406 
20851.611328 
20849.277344 
20849.300781 
20849.878906 
20826.529297 
20780.753906 
20778.605469 
20782.953125 
20779.279297 
20780.521484 
20741.927734 
20679.699219 
20680.589844 
20680.982422 
20680.925781 
20680.089844 
20513.833984 
20381.746094 
20380.507812 
20379.457031 
20380.369141 
20381.527344 
20514.470703 
20731.148438 
20729.554688 
20730.531250 
20729.880859 
20730.085938 
20288.318359 
20139.732422 
20139.335938 
20140.773438 
20139.792969 
20140.289062 
20081.664062 
19998.945312 
20003.632812 
20000.474609 
19999.101562 
20000.498047 
20142.468750 
20352.914062 
20351.220703 
20351.271484 
20350.164062 
20351.125000 
20458.759766 
20690.722656 
20691.921875 
20690.980469 
20690.281250 
20690.386719 
20682.556641 
20668.474609 
20668.906250 
20669.750000 
20670.117188 
20670.167969 
20694.712891 
20729.777344 
20727.304688 
20730.646484 
20731.089844 
20729.218750 
20168.384766 
20000.347656 
20001.767578 
19999.820312 
19998.853516 
20000.855469 
20189.013672 
20690.992188 
20691.150391 
20690.191406 
20690.394531 
20689.943359 
20735.583984 
20831.214844 
20829.550781 
20830.207031 
20831.275391 
20830.500000 
20834.207031 
20840.339844 
20839.968750 
20839.937500 
20840.146484 
20840.257812 
20190.447266 
19999.550781 
20001.937500 
20000.216797 
19999.097656 
20001.078125 
20123.121094 
20850.128906 
20850.578125 
20849.630859 
20849.587891 
20849.800781 
20826.630859 
20779.605469 
20778.511719 
20782.597656 
20779.169922 
20780.476562 
20743.994141 
20689.546875 
20691.998047 
20690.029297 
20690.781250 
20689.685547 
20159.083984 
19999.242188 
20001.876953 
20000.037109 
19999.152344 
20000.859375 
20213.957031 
20768.763672 
20770.660156 
20770.546875 
20769.570312 
20770.320312 
20739.902344 
20690.341797 
20691.158203 
20690.039062 
20690.640625 
20689.292969 
20736.082031 
20831.820312 
20828.812500 
20830.458984 
20831.037109 
20830.117188 
20830.726562 
20830.111328 
20830.468750 
20830.341797 
20830.468750 
20830.421875 
20753.085938 
20650.574219 
20649.167969 
20650.386719 
20650.847656 
20650.150391 
20672.298828 
20712.972656 
20708.882812 
20711.060547 
20709.394531 
20709.820312 
20704.031250 
20690.361328 
20690.224609 
20690.433594 
20689.908203 
20689.824219 
20156.697266 
19998.699219 
20001.451172 
19999.859375 
19999.083984 
20000.730469 
20156.511719 
20679.197266 
20680.703125 
20680.693359 
20680.253906 
20680.224609 
20684.208984 
20691.134766 
20690.445312 
20690.261719 
20690.400391 
20690.253906 
20154.126953 
19998.570312 
20001.425781 
20000.000000 
19999.123047 
20000.792969 
20194.119141 
20840.460938 
20840.255859 
20840.375000 
20840.486328 
20840.544922 
20774.912109 
20690.691406 
20691.378906 
20690.144531 
20690.691406 
20690.496094 
20736.210938 
20833.320312 
20829.384766 
20830.314453 
20831.285156 
20830.244141 
20834.765625 
20840.412109 
20840.058594 
20839.914062 
20840.093750 
20840.437500 
20191.281250 
19998.947266 
20001.226562 
20000.037109 
19999.376953 
20000.871094 
20186.554688 
20799.574219 
20800.148438 
20799.728516 
20800.177734 
20800.574219 
20796.726562 
20790.697266 
20790.580078 
20790.382812 
20790.214844 
20790.185547 
20812.222656 
20851.087891 
20851.482422 
20849.416016 
20849.839844 
20849.205078 
20839.816406 
20821.363281 
20820.027344 
20818.984375 
20819.271484 
20820.035156 
20185.871094 
19998.818359 
20000.951172 
19999.880859 
19999.291016 
20000.621094 
20196.882812 
20851.113281 
20850.162109 
20849.890625 
20849.519531 
20849.855469 
20825.037109 
20778.166016 
20779.984375 
20782.519531 
20779.380859 
20780.703125 
20742.378906 
20689.718750 
20691.572266 
20690.464844 
20690.968750 
20689.957031 
20159.388672 
19999.500000 
20001.423828 
20000.283203 
19999.585938 
20000.953125 
20197.636719 
20841.339844 
20840.441406 
20840.531250 
20840.855469 
20840.623047 
20757.234375 
20649.642578 
20648.888672 
20650.007812 
20650.851562 
20650.146484 
20678.804688 
20733.234375 
20728.455078 
20728.714844 
20731.261719 
20730.181641 
20739.503906 
20760.791016 
20761.044922 
20759.744141 
20759.703125 
20760.203125 
20760.253906 
20760.048828 
20760.250000 
20760.162109 
20759.880859 
20760.199219 
20733.466797 
20690.912109 
20689.800781 
20691.003906 
20690.173828 
20689.671875 
20157.675781 
19999.400391 
20000.771484 
20000.265625 
19999.183594 
20000.923828 
20196.742188 
20830.898438 
20830.435547 
20831.089844 
20831.332031 
20830.753906 
20834.363281 
20840.683594 
20840.562500 
20840.425781 
20840.343750 
20840.496094 
20757.666016 
20648.900391 
20649.447266 
20650.523438 
20651.392578 
20650.542969 
20694.486328 
20779.992188 
20781.654297 
20780.082031 
20781.652344 
20779.841797 
20741.074219 
20679.796875 
20681.105469 
20680.607422 
20679.875000 
20680.205078 
20668.140625 
20648.460938 
20650.496094 
20650.884766 
20650.369141 
20650.179688 
20712.402344 
20819.996094 
20819.642578 
20820.646484 
20820.244141 
20819.681641 
20827.376953 
20841.132812 
20840.675781 
20840.275391 
20840.056641 
20840.162109 
20191.750000 
20000.453125 
20001.085938 
20000.009766 
19999.191406 
20000.609375 
20188.990234 
20689.917969 
20691.281250 
20690.341797 
20690.652344 
20690.464844 
20722.128906 
20777.578125 
20781.462891 
20780.238281 
20780.642578 
20780.468750 
20177.703125 
20000.320312 
20001.240234 
20000.355469 
19999.156250 
20001.066406 
20115.185547 
20780.439453 
20780.544922 
20780.447266 
20780.855469 
20780.441406 
20783.808594 
20790.072266 
20790.144531 
20790.253906 
20790.474609 
20790.564453 
20783.507812 
20770.927734 
20770.287109 
20769.968750 
20770.402344 
20770.480469 
20727.746094 
20659.066406 
20658.404297 
20659.632812 
20660.746094 
20659.964844 
20722.039062 
20817.492188 
20819.685547 
20820.720703 
20820.496094 
20820.091797 
20766.123047 
20690.556641 
20691.884766 
20690.312500 
20690.396484 
20690.009766 
20155.443359 
19999.945312 
20001.095703 
20000.292969 
19999.185547 
20000.925781 
20084.056641 
20679.314453 
20680.541016 
20680.826172 
20680.154297 
20680.220703 
20684.613281 
20691.693359 
20690.562500 
20690.380859 
20690.414062 
20690.365234 
20156.291016 
20000.476562 
20001.875000 
20000.560547 
19999.367188 
20001.308594 
20286.031250 
20669.218750 
20669.316406 
20670.445312 
20670.078125 
20670.437500 
20662.207031 
20650.134766 
20650.847656 
20650.503906 
20650.500000 
20650.554688 
20714.183594 
20819.712891 
20820.173828 
20821.015625 
20820.667969 
20819.886719 
20748.753906 
20649.447266 
20649.085938 
20650.296875 
20651.216797 
20650.091797 
20657.830078 
20670.628906 
20670.697266 
20670.066406 
20669.677734 
20669.892578 
20733.742188 
20839.615234 
20839.335938 
20840.171875 
20840.519531 
20840.808594 
20774.912109 
20691.039062 
20691.396484 
20690.066406 
20690.437500 
20690.199219 
20735.472656 
20821.601562 
20818.830078 
20820.148438 
20820.992188 
20819.806641 
20764.228516 
20690.556641 
20692.435547 
20690.863281 
20690.761719 
20690.548828 
20738.406250 
20831.601562 
20829.527344 
20830.355469 
20832.074219 
20830.539062 
20306.966797 
20139.896484 
20139.462891 
20140.666016 
20139.660156 
20140.115234 
20081.712891 
19998.654297 
20001.917969 
20000.583984 
19999.199219 
20000.570312 
20177.105469 
20440.759766 
20439.908203 
20439.320312 
20439.634766 
20440.544922 
20266.103516 
20073.341797 
20069.144531 
20070.414062 
20071.750000 
20070.154297 
20277.558594 
20789.597656 
20790.486328 
20790.066406 
20791.171875 
20790.144531 
20740.093750 
20660.150391 
20658.923828 
20659.662109 
20660.275391 
20660.144531 
20692.181641 
20741.046875 
20737.722656 
20741.228516 
20740.093750 
20740.339844 
20721.837891 
20689.867188 
20691.464844 
20691.333984 
20690.083984 
20690.005859 
20682.529297 
20669.406250 
20669.279297 
20670.531250 
20670.156250 
20670.367188 
20732.261719 
20840.404297 
20839.796875 
20840.289062 
20840.880859 
20840.720703 
20791.953125 
20730.041016 
20728.402344 
20731.441406 
20729.480469 
20730.492188 
20718.585938 
20700.912109 
20701.421875 
20701.046875 
20700.560547 
20699.960938 
20161.335938 
20000.830078 
20002.103516 
20000.078125 
19999.435547 
20000.830078 
20186.214844 
20690.179688 
20691.605469 
20690.457031 
20690.580078 
20690.308594 
20738.380859 
20831.458984 
20828.910156 
20830.105469 
20831.515625 
20830.552734 
20834.470703 
20840.214844 
20839.708984 
20839.765625 
20839.855469 
20840.033203 
20191.662109 
20000.375000 
20001.492188 
20000.146484 
19999.476562 
20000.955078 
20218.068359 
20810.173828 
20810.097656 
20810.039062 
20809.480469 
20810.332031 
20824.494141 
20852.064453 
20852.332031 
20848.988281 
20848.566406 
20849.869141 
20781.828125 
20690.173828 
20691.273438 
20690.042969 
20690.603516 
20690.458984 
20160.439453 
20000.320312 
20001.601562 
19999.988281 
19999.343750 
20000.701172 
20182.201172 
20669.111328 
20669.746094 
20670.406250 
20669.664062 
20670.080078 
20678.046875 
20691.734375 
20691.203125 
20690.580078 
20690.292969 
20689.910156 
20158.490234 
20000.113281 
20001.113281 
19999.980469 
19999.242188 
20000.714844 
20190.623047 
20769.345703 
20770.660156 
20770.498047 
20769.562500 
20770.431641 
20738.996094 
20690.113281 
20690.988281 
20690.347656 
20690.781250 
20689.320312 
20739.531250 
20830.972656 
20828.699219 
20830.144531 
20832.146484 
20830.886719 
20831.031250 
20830.107422 
20830.214844 
20830.683594 
20830.464844 
20830.425781 
20751.119141 
20649.136719 
20649.167969 
20650.566406 
20651.117188 
20650.203125 
20673.224609 
20714.214844 
20709.925781 
20710.783203 
20709.519531 
20709.726562 
20703.566406 
20690.453125 
20690.058594 
20690.078125 
20689.902344 
20690.021484 
20158.511719 
20000.054688 
20001.185547 
19999.957031 
19999.304688 
20000.734375 
20196.126953 
20799.109375 
20800.617188 
20799.439453 
20800.019531 
20800.492188 
20738.542969 
20648.554688 
20648.541016 
20649.988281 
20650.619141 
20649.783203 
20718.111328 
20829.720703 
20829.468750 
20830.759766 
20831.224609 
20830.169922 
20830.357422 
20830.175781 
20830.121094 
20830.373047 
20830.041016 
20830.328125 
20767.625000 
20691.156250 
20691.861328 
20689.976562 
20690.568359 
20690.472656 
20158.941406 
20000.542969 
20001.500000 
20000.136719 
19999.531250 
20000.849609 
20221.494141 
20829.722656 
20829.976562 
20830.876953 
20831.244141 
20830.580078 
20751.525391 
20648.972656 
20648.996094 
20650.400391 
20650.935547 
20650.070312 
20696.265625 
20779.722656 
20781.574219 
20780.013672 
20781.121094 
20779.748047 
20798.078125 
20829.544922 
20830.953125 
20830.347656 
20830.828125 
20831.224609 
20191.640625 
20000.585938 
20001.515625 
19999.939453 
19999.451172 
20000.621094 
20187.341797 
20689.472656 
20691.355469 
20690.242188 
20690.263672 
20690.091797 
20736.755859 
20820.046875 
20817.863281 
20820.679688 
20820.283203 
20819.123047 
20819.896484 
20820.074219 
20820.369141 
20819.697266 
20820.277344 
20820.546875 
20763.531250 
20689.769531 
20692.292969 
20690.208984 
20690.117188 
20690.267578 
20747.005859 
20850.570312 
20850.662109 
20849.949219 
20849.089844 
20850.015625 
20839.652344 
20821.576172 
20820.931641 
20819.160156 
20819.587891 
20820.404297 
20824.328125 
20830.802734 
20830.902344 
20830.542969 
20830.308594 
20830.263672 
20191.789062 
20000.437500 
20001.687500 
20000.119141 
19999.654297 
20001.029297 
20188.949219 
20688.808594 
20691.361328 
20690.308594 
20690.347656 
20690.119141 
20744.443359 
20840.210938 
20839.417969 
20840.046875 
20840.740234 
20841.058594 
20194.306641 
20000.691406 
20002.091797 
19999.857422 
19999.535156 
20000.824219 
20282.384766 
20648.582031 
20648.847656 
20649.927734 
20650.298828 
20650.009766 
20729.404297 
20859.501953 
20859.564453 
20859.566406 
20859.871094 
20859.519531 
20783.984375 
20689.011719 
20691.238281 
20690.505859 
20690.273438 
20690.203125 
20682.300781 
20669.152344 
20669.859375 
20670.412109 
20670.689453 
20670.617188 
20154.871094 
20001.066406 
20002.541016 
20000.207031 
19999.533203 
20001.074219 
20229.031250 
20840.443359 
20840.478516 
20840.789062 
20841.199219 
20840.779297 
20821.546875 
20787.738281 
20789.943359 
20792.210938 
20790.121094 
20789.966797 
20811.972656 
20849.320312 
20851.375000 
20850.316406 
20849.509766 
20849.722656 
20843.187500 
20830.974609 
20830.736328 
20830.246094 
20829.562500 
20830.095703 
20191.339844 
20000.777344 
20002.097656 
19999.941406 
19999.201172 
20000.871094 
20203.796875 
20760.021484 
20759.466797 
20760.396484 
20759.841797 
20760.164062 
20732.427734 
20691.263672 
20691.013672 
20690.603516 
20690.718750 
20690.031250 
20740.550781 
20830.300781 
20829.253906 
20830.539062 
20831.433594 
20830.492188 
20188.218750 
20000.902344 
20002.275391 
20000.183594 
19999.382812 
20001.083984 
20188.763672 
20668.697266 
20668.970703 
20670.378906 
20670.128906 
20670.472656 
20662.203125 
20649.523438 
20650.330078 
20650.216797 
20650.373047 
20650.277344 
20715.636719 
20819.988281 
20819.601562 
20820.349609 
20819.914062 
20819.677734 
20746.802734 
20648.697266 
20648.679688 
20650.261719 
20650.367188 
20649.853516 
20657.322266 
20670.402344 
20670.984375 
20670.445312 
20670.164062 
20669.984375 
20735.589844 
20839.867188 
20838.916016 
20840.632812 
20840.681641 
20840.710938 
20771.644531 
20689.839844 
20691.611328 
20689.431641 
20689.990234 
20690.205078 
20738.824219 
20820.226562 
20818.531250 
20820.773438 
20820.462891 
20819.638672 
20762.332031 
20689.421875 
20692.535156 
20690.250000 
20689.906250 
20690.251953 
20741.968750 
20830.820312 
20828.585938 
20830.890625 
20832.093750 
20830.343750 
20308.699219 
20140.080078 
20139.023438 
20140.513672 
20139.451172 
20140.257812 
20089.089844 
20016.386719 
20024.228516 
20019.548828 
20020.343750 
20020.326172 
20475.017578 
20930.593750 
20930.318359 
20929.892578 
20930.755859 
20929.669922 
20941.322266 
20960.562500